
 ===========================================================================

                   ********** NOT CONVERGED **********

 Free Tip Potential Formulation Solution:  Arbitrary blade                 
                                                  Wake adv. ratio:    0.11594
 no. blades :  2            radius(m)  :   0.2286     adv. ratio:     0.01392
 thrust(N)  :   17.4        power(W)   :   178.       torque(N-m):  0.567    
 Efficiency :  0.0977       speed(m/s) :    1.000     rpm        :   3000.000
 Eff induced:  0.1189       Eff ideal  :   0.1410     Tcoef      :   172.7857
 Tnacel(N)  :    -0.0000    hub rad.(m):   0.0324     disp. rad. :    0.0324
 Tvisc(N)   :     0.1155    Pvisc(W)   :   32.7    
 rho(kg/m3) :   1.22600     Vsound(m/s):  340.000     mu(kg/m-s) : 0.1780E-04
 ---------------------------------------------------------------------------
Helicopter:  Sigma:    0.11576  CTh/s:    0.14470  FOM:    0.64191
                Ct:    0.12984     Cp:    0.05816    J:    0.04374
                Tc:  172.78566     Pc: 1769.14270  adv:    0.01392

  i  r/R   c/R  beta(deg)  CL     Cd    REx10^3 Mach   effi  effp  na.u/U
  1 0.146 0.1074  29.33  1.528 s 0.1941  19.17  0.033 ******-0.043   0.000
  2 0.163 0.1132  34.42  1.529 s 0.2082  21.16  0.035  1.228 0.335   0.000
  3 0.193 0.1207  39.07  1.533 s 0.2500  25.85  0.040  0.635 0.403   0.000
  4 0.230 0.1320  42.33  1.535 s 0.2736  33.22  0.047  0.402 0.446   0.000
  5 0.271 0.1432  42.06  1.532 s 0.2285  42.37  0.055  0.287 0.531   0.000
  6 0.315 0.1515  38.53  1.524 s 0.1432  52.12  0.064  0.228 0.662   0.000
  7 0.360 0.1569  34.43  1.516 s 0.0772  61.84  0.074  0.189 0.793   0.000
  8 0.404 0.1591  30.93  1.509 s 0.0427  70.78  0.083  0.163 0.877   0.000
  9 0.449 0.1580  28.02  1.498   0.0283  78.39  0.093  0.146 0.914   0.000
 10 0.493 0.1549  25.65  1.467   0.0243  84.67  0.102  0.142 0.920   0.000
 11 0.536 0.1486  23.68  1.443   0.0232  88.63  0.111  0.149 0.913   0.000
 12 0.578 0.1517  22.00  1.357   0.0213  97.75  0.120  0.144 0.912   0.000
 13 0.619 0.1610  20.55  1.237   0.0192 111.21  0.129  0.137 0.911   0.000
 14 0.658 0.1682  19.35  1.144   0.0178 123.76  0.137  0.134 0.908   0.000
 15 0.696 0.1742  18.42  1.069   0.0167 135.64  0.145  0.130 0.906   0.000
 16 0.732 0.1792  17.68  1.007   0.0159 146.89  0.153  0.126 0.903   0.000
 17 0.766 0.1842  17.09  0.949   0.0152 158.14  0.160  0.121 0.902   0.000
 18 0.798 0.1895  16.60  0.893   0.0145 169.56  0.167  0.116 0.900   0.000
 19 0.828 0.1943  16.16  0.838   0.0140 180.51  0.174  0.111 0.898   0.000
 20 0.856 0.1987  15.79  0.785   0.0136 190.98  0.180  0.106 0.897   0.000
 21 0.881 0.2030  15.53  0.730   0.0132 200.98  0.185  0.100 0.895   0.000
 22 0.904 0.2064  15.31  0.673   0.0129 209.89  0.190  0.094 0.893   0.000
 23 0.925 0.2087  15.09  0.615   0.0126 217.28  0.194  0.089 0.889   0.000
 24 0.944 0.2103  14.88  0.552   0.0124 223.40  0.198  0.084 0.883   0.000
 25 0.959 0.2115  14.70  0.484   0.0123 228.61  0.202  0.079 0.874   0.000
 26 0.973 0.2125  14.57  0.408   0.0123 233.09  0.205  0.074 0.860   0.000
 27 0.983 0.2134  14.46  0.326   0.0123 236.87  0.207  0.069 0.838   0.000
 28 0.991 0.2142  14.38  0.235   0.0123 239.98  0.209  0.065 0.796   0.000
 29 0.997 0.2148  14.32  0.134   0.0125 242.45  0.211  0.060 0.698   0.000
 30 0.999 0.2155  14.27  1.583 s 1.1928 376.73  0.327 -0.015 8.474   0.000
