
 ===========================================================================
 Free Tip Potential Formulation Solution:  Arbitrary blade                 
                                                  Wake adv. ratio:    0.09544
 no. blades :  2            radius(m)  :   0.2286     adv. ratio:     0.01392
 thrust(N)  :   12.5        power(W)   :   98.8       torque(N-m):  0.315    
 Efficiency :  0.1267       speed(m/s) :    1.000     rpm        :   3000.000
 Eff induced:  0.1459       Eff ideal  :   0.1640     Tcoef      :   124.3511
 Tnacel(N)  :    -0.0000    hub rad.(m):   0.0324     disp. rad. :    0.0324
 Tvisc(N)   :    -0.0514    Pvisc(W)   :   12.7    
 rho(kg/m3) :   1.22600     Vsound(m/s):  340.000     mu(kg/m-s) : 0.1780E-04
 ---------------------------------------------------------------------------
Helicopter:  Sigma:    0.06618  CTh/s:    0.18215  FOM:    0.70622
                Ct:    0.09345     Cp:    0.03227    J:    0.04374
                Tc:  124.35113     Pc:  981.77545  adv:    0.01392

  i  r/R   c/R  beta(deg)  CL     Cd    REx10^3 Mach   effi  effp  na.u/U
  1 0.146 0.1074  29.33  1.526 s 0.1763  18.71  0.033  7.827 0.095   0.000
  2 0.163 0.1132  34.42  1.526 s 0.1761  20.83  0.034  0.855 0.459   0.000
  3 0.193 0.1207  39.07  1.530 s 0.2093  25.65  0.040  0.488 0.509   0.000
  4 0.230 0.1320  42.33  1.532 s 0.2278  33.19  0.047  0.323 0.542   0.000
  5 0.271 0.1432  42.06  1.528 s 0.1855  42.52  0.055  0.236 0.625   0.000
  6 0.315 0.1515  38.53  1.520 s 0.1102  52.42  0.065  0.189 0.751   0.000
  7 0.360 0.1569  34.43  1.512 s 0.0549  62.29  0.074  0.156 0.865   0.000
  8 0.404 0.1591  30.93  1.499   0.0298  71.39  0.084  0.131 0.925   0.000
  9 0.449 0.1580  28.02  1.450   0.0245  79.06  0.093  0.124 0.933   0.000
 10 0.493 0.1547  25.65  1.383   0.0227  85.16  0.103  0.125 0.929   0.000
 11 0.536 0.1499  23.68  1.314   0.0216  89.94  0.112  0.126 0.923   0.000
 12 0.578 0.1431  22.00  1.258   0.0208  92.72  0.121  0.130 0.915   0.000
 13 0.619 0.1353  20.55  1.213   0.0203  93.92  0.130  0.134 0.907   0.000
 14 0.658 0.1272  19.35  1.177   0.0201  93.94  0.138  0.139 0.897   0.000
 15 0.696 0.1180  18.42  1.157   0.0201  92.25  0.146  0.143 0.887   0.000
 16 0.732 0.1087  17.68  1.148   0.0203  89.36  0.154  0.149 0.877   0.000
 17 0.766 0.1001  17.09  1.142   0.0205  86.18  0.161  0.153 0.867   0.000
 18 0.798 0.0925  16.60  1.135   0.0208  83.00  0.168  0.156 0.857   0.000
 19 0.828 0.0853  16.16  1.129   0.0211  79.44  0.174  0.160 0.847   0.000
 20 0.856 0.0786  15.79  1.123   0.0215  75.74  0.180  0.163 0.838   0.000
 21 0.881 0.0726  15.53  1.113   0.0218  72.09  0.185  0.163 0.830   0.000
 22 0.904 0.0667  15.31  1.104   0.0223  67.99  0.190  0.163 0.823   0.000
 23 0.925 0.0607  15.09  1.095   0.0229  63.23  0.195  0.163 0.814   0.000
 24 0.944 0.0549  14.88  1.079   0.0235  58.38  0.199  0.161 0.806   0.000
 25 0.959 0.0501  14.70  1.042   0.0239  54.18  0.202  0.154 0.802   0.000
 26 0.973 0.0464  14.57  0.976   0.0240  50.88  0.205  0.140 0.804   0.000
 27 0.983 0.0436  14.46  0.871   0.0239  48.34  0.207  0.121 0.808   0.000
 28 0.991 0.0415  14.38  0.721   0.0237  46.42  0.209  0.101 0.806   0.000
 29 0.997 0.0399  14.32  0.524   0.0236  44.95  0.210  0.082 0.784   0.000
 30 0.999 0.0386  14.27  0.324   0.0241  43.72  0.212  0.069 0.719   0.000
