     0.0256421    -0.0081715     0.2414736
     0.0245442    -0.0075088     0.2414736
     0.0234545    -0.0068694     0.2414736
     0.0223735    -0.0062528     0.2414736
     0.0213019    -0.0056584     0.2414736
     0.0202402    -0.0050853     0.2414736
     0.0191891    -0.0045328     0.2414736
     0.0181493    -0.0040000     0.2414736
     0.0171211    -0.0034862     0.2414736
     0.0161051    -0.0029911     0.2414736
     0.0151013    -0.0025144     0.2414736
     0.0141101    -0.0020559     0.2414736
     0.0131316    -0.0016152     0.2414736
     0.0121663    -0.0011921     0.2414736
     0.0112142    -0.0007861     0.2414736
     0.0102758    -0.0003971     0.2414736
     0.0093511    -0.0000247     0.2414736
     0.0084404     0.0003313     0.2414736
     0.0075440     0.0006711     0.2414736
     0.0066620     0.0009951     0.2414736
     0.0057946     0.0013034     0.2414736
     0.0049419     0.0015959     0.2414736
     0.0041040     0.0018727     0.2414736
     0.0032812     0.0021340     0.2414736
     0.0024733     0.0023795     0.2414736
     0.0016801     0.0026071     0.2414736
     0.0009016     0.0028165     0.2414736
     0.0001382     0.0030077     0.2414736
    -0.0006098     0.0031810     0.2414736
    -0.0013421     0.0033369     0.2414736
    -0.0020583     0.0034759     0.2414736
    -0.0027580     0.0035990     0.2414736
    -0.0034409     0.0037069     0.2414736
    -0.0041066     0.0037999     0.2414736
    -0.0047549     0.0038784     0.2414736
    -0.0053856     0.0039427     0.2414736
    -0.0059983     0.0039930     0.2414736
    -0.0065927     0.0040298     0.2414736
    -0.0071686     0.0040537     0.2414736
    -0.0077257     0.0040650     0.2414736
    -0.0082637     0.0040645     0.2414736
    -0.0087824     0.0040530     0.2414736
    -0.0092816     0.0040310     0.2414736
    -0.0097609     0.0039988     0.2414736
    -0.0102202     0.0039566     0.2414736
    -0.0106590     0.0039042     0.2414736
    -0.0110770     0.0038418     0.2414736
    -0.0114737     0.0037694     0.2414736
    -0.0118489     0.0036875     0.2414736
    -0.0122020     0.0035971     0.2414736
    -0.0125328     0.0034990     0.2414736
    -0.0128408     0.0033936     0.2414736
    -0.0131254     0.0032798     0.2414736
    -0.0133858     0.0031563     0.2414736
    -0.0136208     0.0030235     0.2414736
    -0.0138287     0.0028827     0.2414736
    -0.0140078     0.0027351     0.2414736
    -0.0141557     0.0025815     0.2414736
    -0.0142693     0.0024237     0.2414736
    -0.0143460     0.0022654     0.2414736
    -0.0143863     0.0021110     0.2414736
    -0.0143939     0.0019403     0.2414736
    -0.0143598     0.0017556     0.2414736
    -0.0142817     0.0015666     0.2414736
    -0.0141636     0.0013791     0.2414736
    -0.0140104     0.0011951     0.2414736
    -0.0138252     0.0010154     0.2414736
    -0.0136104     0.0008411     0.2414736
    -0.0133676     0.0006719     0.2414736
    -0.0130989     0.0005071     0.2414736
    -0.0128055     0.0003460     0.2414736
    -0.0124886     0.0001882     0.2414736
    -0.0121491     0.0000333     0.2414736
    -0.0117879    -0.0001191     0.2414736
    -0.0114051    -0.0002686     0.2414736
    -0.0110005    -0.0004146     0.2414736
    -0.0105745    -0.0005576     0.2414736
    -0.0101279    -0.0006984     0.2414736
    -0.0096612    -0.0008378     0.2414736
    -0.0091746    -0.0009760     0.2414736
    -0.0086682    -0.0011132     0.2414736
    -0.0081423    -0.0012500     0.2414736
    -0.0075969    -0.0013864     0.2414736
    -0.0070321    -0.0015225     0.2414736
    -0.0064480    -0.0016580     0.2414736
    -0.0058445    -0.0017929     0.2414736
    -0.0052218    -0.0019279     0.2414736
    -0.0045803    -0.0020642     0.2414736
    -0.0039202    -0.0022029     0.2414736
    -0.0032417    -0.0023444     0.2414736
    -0.0025448    -0.0024888     0.2414736
    -0.0018293    -0.0026360     0.2414736
    -0.0010955    -0.0027860     0.2414736
    -0.0003432    -0.0029395     0.2414736
     0.0004272    -0.0030969     0.2414736
     0.0012157    -0.0032586     0.2414736
     0.0020225    -0.0034241     0.2414736
     0.0028478    -0.0035918     0.2414736
     0.0036917    -0.0037617     0.2414736
     0.0045540    -0.0039343     0.2414736
     0.0054347    -0.0041099     0.2414736
     0.0063337    -0.0042886     0.2414736
     0.0072511    -0.0044707     0.2414736
     0.0081868    -0.0046562     0.2414736
     0.0091407    -0.0048453     0.2414736
     0.0101128    -0.0050380     0.2414736
     0.0111031    -0.0052346     0.2414736
     0.0121115    -0.0054357     0.2414736
     0.0131378    -0.0056417     0.2414736
     0.0141820    -0.0058532     0.2414736
     0.0152440    -0.0060705     0.2414736
     0.0163238    -0.0062937     0.2414736
     0.0174214    -0.0065228     0.2414736
     0.0185368    -0.0067577     0.2414736
     0.0196699    -0.0069985     0.2414736
     0.0208207    -0.0072450     0.2414736
     0.0219893    -0.0074972     0.2414736
     0.0231757    -0.0077550     0.2414736
     0.0243798    -0.0080190     0.2414736
     0.0256015    -0.0082892     0.2414736
