     0.0275517    -0.0093752     0.2224670
     0.0263815    -0.0086259     0.2224670
     0.0252194    -0.0079025     0.2224670
     0.0240658    -0.0072043     0.2224670
     0.0229215    -0.0065308     0.2224670
     0.0217872    -0.0058810     0.2224670
     0.0206636    -0.0052540     0.2224670
     0.0195516    -0.0046488     0.2224670
     0.0184517    -0.0040648     0.2224670
     0.0173642    -0.0035014     0.2224670
     0.0162895    -0.0029585     0.2224670
     0.0152278    -0.0024357     0.2224670
     0.0141794    -0.0019329     0.2224670
     0.0131445    -0.0014496     0.2224670
     0.0121236    -0.0009855     0.2224670
     0.0111168    -0.0005403     0.2224670
     0.0101244    -0.0001136     0.2224670
     0.0091467     0.0002947     0.2224670
     0.0081840     0.0006850     0.2224670
     0.0072364     0.0010575     0.2224670
     0.0063042     0.0014124     0.2224670
     0.0053874     0.0017497     0.2224670
     0.0044862     0.0020693     0.2224670
     0.0036007     0.0023713     0.2224670
     0.0027309     0.0026554     0.2224670
     0.0018766     0.0029197     0.2224670
     0.0010377     0.0031635     0.2224670
     0.0002147     0.0033870     0.2224670
    -0.0005920     0.0035905     0.2224670
    -0.0013823     0.0037743     0.2224670
    -0.0021555     0.0039392     0.2224670
    -0.0029112     0.0040861     0.2224670
    -0.0036490     0.0042161     0.2224670
    -0.0043685     0.0043294     0.2224670
    -0.0050695     0.0044263     0.2224670
    -0.0057517     0.0045070     0.2224670
    -0.0064147     0.0045719     0.2224670
    -0.0070582     0.0046215     0.2224670
    -0.0076818     0.0046562     0.2224670
    -0.0082852     0.0046766     0.2224670
    -0.0088681     0.0046836     0.2224670
    -0.0094302     0.0046780     0.2224670
    -0.0099713     0.0046605     0.2224670
    -0.0104910     0.0046314     0.2224670
    -0.0109889     0.0045908     0.2224670
    -0.0114648     0.0045384     0.2224670
    -0.0119181     0.0044743     0.2224670
    -0.0123483     0.0043986     0.2224670
    -0.0127551     0.0043118     0.2224670
    -0.0131378     0.0042151     0.2224670
    -0.0134961     0.0041096     0.2224670
    -0.0138296     0.0039960     0.2224670
    -0.0141376     0.0038726     0.2224670
    -0.0144192     0.0037379     0.2224670
    -0.0146732     0.0035925     0.2224670
    -0.0148978     0.0034383     0.2224670
    -0.0150910     0.0032771     0.2224670
    -0.0152508     0.0031099     0.2224670
    -0.0153743     0.0029390     0.2224670
    -0.0154591     0.0027682     0.2224670
    -0.0155062     0.0026018     0.2224670
    -0.0155200     0.0024173     0.2224670
    -0.0154916     0.0022161     0.2224670
    -0.0154177     0.0020078     0.2224670
    -0.0153017     0.0017985     0.2224670
    -0.0151479     0.0015906     0.2224670
    -0.0149593     0.0013857     0.2224670
    -0.0147376     0.0011854     0.2224670
    -0.0144847     0.0009899     0.2224670
    -0.0142029     0.0007984     0.2224670
    -0.0138937     0.0006104     0.2224670
    -0.0135583     0.0004257     0.2224670
    -0.0131979     0.0002435     0.2224670
    -0.0128137     0.0000638     0.2224670
    -0.0124056    -0.0001128     0.2224670
    -0.0119733    -0.0002857     0.2224670
    -0.0115174    -0.0004551     0.2224670
    -0.0110387    -0.0006222     0.2224670
    -0.0105381    -0.0007880     0.2224670
    -0.0100156    -0.0009525     0.2224670
    -0.0094716    -0.0011163     0.2224670
    -0.0089062    -0.0012796     0.2224670
    -0.0083197    -0.0014426     0.2224670
    -0.0077120    -0.0016052     0.2224670
    -0.0070831    -0.0017671     0.2224670
    -0.0064330    -0.0019282     0.2224670
    -0.0057621    -0.0020893     0.2224670
    -0.0050706    -0.0022517     0.2224670
    -0.0043591    -0.0024169     0.2224670
    -0.0036276    -0.0025856     0.2224670
    -0.0028762    -0.0027575     0.2224670
    -0.0021047    -0.0029323     0.2224670
    -0.0013132    -0.0031102     0.2224670
    -0.0005018    -0.0032917     0.2224670
     0.0003294    -0.0034773     0.2224670
     0.0011801    -0.0036675     0.2224670
     0.0020506    -0.0038617     0.2224670
     0.0029412    -0.0040585     0.2224670
     0.0038519    -0.0042579     0.2224670
     0.0047825    -0.0044605     0.2224670
     0.0057330    -0.0046664     0.2224670
     0.0067034    -0.0048759     0.2224670
     0.0076935    -0.0050892     0.2224670
     0.0087035    -0.0053063     0.2224670
     0.0097332    -0.0055272     0.2224670
     0.0107827    -0.0057521     0.2224670
     0.0118518    -0.0059812     0.2224670
     0.0129404    -0.0062150     0.2224670
     0.0140485    -0.0064544     0.2224670
     0.0151758    -0.0066998     0.2224670
     0.0163224    -0.0069518     0.2224670
     0.0174882    -0.0072103     0.2224670
     0.0186731    -0.0074752     0.2224670
     0.0198773    -0.0077466     0.2224670
     0.0211006    -0.0080243     0.2224670
     0.0223431    -0.0083083     0.2224670
     0.0236048    -0.0085983     0.2224670
     0.0248857    -0.0088944     0.2224670
     0.0261857    -0.0091973     0.2224670
     0.0275048    -0.0095073     0.2224670
