     0.0170668    -0.0045136     0.3175000
     0.0163203    -0.0041392     0.3175000
     0.0155809    -0.0037787     0.3175000
     0.0148487    -0.0034317     0.3175000
     0.0141242    -0.0030976     0.3175000
     0.0134077    -0.0027761     0.3175000
     0.0126993    -0.0024668     0.3175000
     0.0119994    -0.0021693     0.3175000
     0.0113081    -0.0018834     0.3175000
     0.0106257    -0.0016086     0.3175000
     0.0099523    -0.0013448     0.3175000
     0.0092882    -0.0010916     0.3175000
     0.0086333    -0.0008490     0.3175000
     0.0079880    -0.0006166     0.3175000
     0.0073522    -0.0003942     0.3175000
     0.0067263    -0.0001817     0.3175000
     0.0061101     0.0000211     0.3175000
     0.0055040     0.0002144     0.3175000
     0.0049079     0.0003982     0.3175000
     0.0043221     0.0005728     0.3175000
     0.0037465     0.0007384     0.3175000
     0.0031813     0.0008950     0.3175000
     0.0026266     0.0010427     0.3175000
     0.0020825     0.0011819     0.3175000
     0.0015490     0.0013123     0.3175000
     0.0010259     0.0014323     0.3175000
     0.0005130     0.0015416     0.3175000
     0.0000107     0.0016403     0.3175000
    -0.0004808     0.0017290     0.3175000
    -0.0009614     0.0018077     0.3175000
    -0.0014309     0.0018770     0.3175000
    -0.0018892     0.0019371     0.3175000
    -0.0023360     0.0019884     0.3175000
    -0.0027712     0.0020311     0.3175000
    -0.0031947     0.0020656     0.3175000
    -0.0036063     0.0020921     0.3175000
    -0.0040059     0.0021111     0.3175000
    -0.0043933     0.0021228     0.3175000
    -0.0047684     0.0021275     0.3175000
    -0.0051311     0.0021255     0.3175000
    -0.0054813     0.0021171     0.3175000
    -0.0058189     0.0021025     0.3175000
    -0.0061437     0.0020821     0.3175000
    -0.0064556     0.0020561     0.3175000
    -0.0067545     0.0020248     0.3175000
    -0.0070403     0.0019882     0.3175000
    -0.0073129     0.0019467     0.3175000
    -0.0075721     0.0019004     0.3175000
    -0.0078177     0.0018495     0.3175000
    -0.0080496     0.0017940     0.3175000
    -0.0082675     0.0017340     0.3175000
    -0.0084711     0.0016696     0.3175000
    -0.0086600     0.0016005     0.3175000
    -0.0088336     0.0015267     0.3175000
    -0.0089913     0.0014479     0.3175000
    -0.0091319     0.0013637     0.3175000
    -0.0092537     0.0012738     0.3175000
    -0.0093544     0.0011778     0.3175000
    -0.0094306     0.0010768     0.3175000
    -0.0094793     0.0009735     0.3175000
    -0.0095003     0.0008719     0.3175000
    -0.0094945     0.0007604     0.3175000
    -0.0094554     0.0006431     0.3175000
    -0.0093825     0.0005283     0.3175000
    -0.0092809     0.0004205     0.3175000
    -0.0091560     0.0003201     0.3175000
    -0.0090114     0.0002264     0.3175000
    -0.0088494     0.0001380     0.3175000
    -0.0086715     0.0000543     0.3175000
    -0.0084786    -0.0000257     0.3175000
    -0.0082713    -0.0001025     0.3175000
    -0.0080503    -0.0001766     0.3175000
    -0.0078157    -0.0002483     0.3175000
    -0.0075679    -0.0003180     0.3175000
    -0.0073070    -0.0003860     0.3175000
    -0.0070332    -0.0004525     0.3175000
    -0.0067466    -0.0005177     0.3175000
    -0.0064473    -0.0005818     0.3175000
    -0.0061355    -0.0006451     0.3175000
    -0.0058111    -0.0007077     0.3175000
    -0.0054742    -0.0007698     0.3175000
    -0.0051249    -0.0008316     0.3175000
    -0.0047633    -0.0008933     0.3175000
    -0.0043894    -0.0009551     0.3175000
    -0.0040032    -0.0010173     0.3175000
    -0.0036048    -0.0010800     0.3175000
    -0.0031942    -0.0011435     0.3175000
    -0.0027715    -0.0012080     0.3175000
    -0.0023367    -0.0012739     0.3175000
    -0.0018898    -0.0013413     0.3175000
    -0.0014309    -0.0014106     0.3175000
    -0.0009600    -0.0014821     0.3175000
    -0.0004773    -0.0015562     0.3175000
     0.0000173    -0.0016330     0.3175000
     0.0005238    -0.0017131     0.3175000
     0.0010419    -0.0017967     0.3175000
     0.0015720    -0.0018831     0.3175000
     0.0021141    -0.0019707     0.3175000
     0.0026684    -0.0020598     0.3175000
     0.0032346    -0.0021504     0.3175000
     0.0038129    -0.0022428     0.3175000
     0.0044032    -0.0023373     0.3175000
     0.0050055    -0.0024340     0.3175000
     0.0056197    -0.0025330     0.3175000
     0.0062458    -0.0026346     0.3175000
     0.0068837    -0.0027391     0.3175000
     0.0075335    -0.0028465     0.3175000
     0.0081950    -0.0029571     0.3175000
     0.0088683    -0.0030710     0.3175000
     0.0095534    -0.0031885     0.3175000
     0.0102501    -0.0033096     0.3175000
     0.0109586    -0.0034345     0.3175000
     0.0116787    -0.0035633     0.3175000
     0.0124104    -0.0036961     0.3175000
     0.0131537    -0.0038329     0.3175000
     0.0139087    -0.0039739     0.3175000
     0.0146752    -0.0041189     0.3175000
     0.0154534    -0.0042681     0.3175000
     0.0162431    -0.0044212     0.3175000
     0.0170445    -0.0045782     0.3175000
