     0.0224610    -0.0200039     0.0894207
     0.0216949    -0.0187642     0.0894207
     0.0209223    -0.0175542     0.0894207
     0.0201439    -0.0163735     0.0894207
     0.0193605    -0.0152222     0.0894207
     0.0185737    -0.0140996     0.0894207
     0.0177852    -0.0130046     0.0894207
     0.0169967    -0.0119364     0.0894207
     0.0162096    -0.0108942     0.0894207
     0.0154243    -0.0098779     0.0894207
     0.0146409    -0.0088877     0.0894207
     0.0138597    -0.0079235     0.0894207
     0.0130810    -0.0069852     0.0894207
     0.0123054    -0.0060726     0.0894207
     0.0115333    -0.0051855     0.0894207
     0.0107653    -0.0043237     0.0894207
     0.0100018    -0.0034870     0.0894207
     0.0092432    -0.0026754     0.0894207
     0.0084900    -0.0018884     0.0894207
     0.0077426    -0.0011260     0.0894207
     0.0070012    -0.0003883     0.0894207
     0.0062656     0.0003245     0.0894207
     0.0055357     0.0010119     0.0894207
     0.0048115     0.0016736     0.0894207
     0.0040929     0.0023095     0.0894207
     0.0033795     0.0029184     0.0894207
     0.0026714     0.0034998     0.0894207
     0.0019688     0.0040530     0.0894207
     0.0012720     0.0045780     0.0894207
     0.0005814     0.0050746     0.0894207
    -0.0001019     0.0055438     0.0894207
    -0.0007767     0.0059869     0.0894207
    -0.0014417     0.0064050     0.0894207
    -0.0020966     0.0067982     0.0894207
    -0.0027410     0.0071660     0.0894207
    -0.0033747     0.0075085     0.0894207
    -0.0039973     0.0078255     0.0894207
    -0.0046081     0.0081171     0.0894207
    -0.0052064     0.0083837     0.0894207
    -0.0057916     0.0086259     0.0894207
    -0.0063627     0.0088448     0.0894207
    -0.0069187     0.0090413     0.0894207
    -0.0074589     0.0092166     0.0894207
    -0.0079827     0.0093708     0.0894207
    -0.0084900     0.0095030     0.0894207
    -0.0089804     0.0096122     0.0894207
    -0.0094533     0.0096976     0.0894207
    -0.0099081     0.0097586     0.0894207
    -0.0103438     0.0097963     0.0894207
    -0.0107586     0.0098127     0.0894207
    -0.0111509     0.0098101     0.0894207
    -0.0115199     0.0097899     0.0894207
    -0.0118664     0.0097485     0.0894207
    -0.0121908     0.0096823     0.0894207
    -0.0124911     0.0095928     0.0894207
    -0.0127631     0.0094848     0.0894207
    -0.0130041     0.0093628     0.0894207
    -0.0132130     0.0092307     0.0894207
    -0.0133890     0.0090920     0.0894207
    -0.0135326     0.0089508     0.0894207
    -0.0136465     0.0088094     0.0894207
    -0.0137483     0.0086448     0.0894207
    -0.0138344     0.0084496     0.0894207
    -0.0138978     0.0082251     0.0894207
    -0.0139345     0.0079739     0.0894207
    -0.0139414     0.0076989     0.0894207
    -0.0139147     0.0074042     0.0894207
    -0.0138510     0.0070952     0.0894207
    -0.0137502     0.0067746     0.0894207
    -0.0136152     0.0064434     0.0894207
    -0.0134484     0.0061024     0.0894207
    -0.0132508     0.0057525     0.0894207
    -0.0130251     0.0053941     0.0894207
    -0.0127728     0.0050284     0.0894207
    -0.0124925     0.0046569     0.0894207
    -0.0121826     0.0042814     0.0894207
    -0.0118438     0.0039021     0.0894207
    -0.0114789     0.0035175     0.0894207
    -0.0110902     0.0031266     0.0894207
    -0.0106781     0.0027294     0.0894207
    -0.0102429     0.0023257     0.0894207
    -0.0097851     0.0019151     0.0894207
    -0.0093051     0.0014977     0.0894207
    -0.0088024     0.0010744     0.0894207
    -0.0082764     0.0006462     0.0894207
    -0.0077266     0.0002138     0.0894207
    -0.0071541    -0.0002239     0.0894207
    -0.0065607    -0.0006691     0.0894207
    -0.0059486    -0.0011244     0.0894207
    -0.0053182    -0.0015905     0.0894207
    -0.0046687    -0.0020661     0.0894207
    -0.0039993    -0.0025501     0.0894207
    -0.0033098    -0.0030424     0.0894207
    -0.0026004    -0.0035432     0.0894207
    -0.0018715    -0.0040529     0.0894207
    -0.0011234    -0.0045718     0.0894207
    -0.0003563    -0.0051004     0.0894207
     0.0004298    -0.0056384     0.0894207
     0.0012348    -0.0061861     0.0894207
     0.0020586    -0.0067435     0.0894207
     0.0029010    -0.0073110     0.0894207
     0.0037620    -0.0078887     0.0894207
     0.0046415    -0.0084766     0.0894207
     0.0055397    -0.0090743     0.0894207
     0.0064569    -0.0096815     0.0894207
     0.0073931    -0.0102980     0.0894207
     0.0083483    -0.0109240     0.0894207
     0.0093218    -0.0115604     0.0894207
     0.0103130    -0.0122082     0.0894207
     0.0113212    -0.0128684     0.0894207
     0.0123461    -0.0135417     0.0894207
     0.0133877    -0.0142277     0.0894207
     0.0144464    -0.0149262     0.0894207
     0.0155222    -0.0156368     0.0894207
     0.0166154    -0.0163593     0.0894207
     0.0177263    -0.0170933     0.0894207
     0.0188549    -0.0178383     0.0894207
     0.0200012    -0.0185948     0.0894207
     0.0211641    -0.0193642     0.0894207
     0.0223433    -0.0201474     0.0894207
