     0.0238896    -0.0072086     0.2604802
     0.0228600    -0.0066182     0.2604802
     0.0218387    -0.0060490     0.2604802
     0.0208261    -0.0055004     0.2604802
     0.0198228    -0.0049718     0.2604802
     0.0188292    -0.0044625     0.2604802
     0.0178461    -0.0039717     0.2604802
     0.0168738    -0.0034988     0.2604802
     0.0159128    -0.0030432     0.2604802
     0.0149633    -0.0026045     0.2604802
     0.0140256    -0.0021824     0.2604802
     0.0131000    -0.0017767     0.2604802
     0.0121866    -0.0013872     0.2604802
     0.0112858    -0.0010134     0.2604802
     0.0103976    -0.0006550     0.2604802
     0.0095224    -0.0003119     0.2604802
     0.0086603     0.0000162     0.2604802
     0.0078116     0.0003296     0.2604802
     0.0069764     0.0006285     0.2604802
     0.0061549     0.0009131     0.2604802
     0.0053472     0.0011836     0.2604802
     0.0045535     0.0014400     0.2604802
     0.0037738     0.0016824     0.2604802
     0.0030084     0.0019111     0.2604802
     0.0022572     0.0021256     0.2604802
     0.0015199     0.0023242     0.2604802
     0.0007966     0.0025062     0.2604802
     0.0000875     0.0026719     0.2604802
    -0.0006069     0.0028217     0.2604802
    -0.0012865     0.0029559     0.2604802
    -0.0019510     0.0030751     0.2604802
    -0.0026000     0.0031800     0.2604802
    -0.0032331     0.0032712     0.2604802
    -0.0038502     0.0033492     0.2604802
    -0.0044509     0.0034141     0.2604802
    -0.0050352     0.0034664     0.2604802
    -0.0056026     0.0035064     0.2604802
    -0.0061530     0.0035345     0.2604802
    -0.0066861     0.0035511     0.2604802
    -0.0072018     0.0035567     0.2604802
    -0.0076996     0.0035519     0.2604802
    -0.0081795     0.0035373     0.2604802
    -0.0086413     0.0035134     0.2604802
    -0.0090848     0.0034805     0.2604802
    -0.0095096     0.0034387     0.2604802
    -0.0099155     0.0033882     0.2604802
    -0.0103023     0.0033290     0.2604802
    -0.0106694     0.0032612     0.2604802
    -0.0110168     0.0031853     0.2604802
    -0.0113439     0.0031018     0.2604802
    -0.0116505     0.0030115     0.2604802
    -0.0119363     0.0029147     0.2604802
    -0.0122005     0.0028104     0.2604802
    -0.0124424     0.0026978     0.2604802
    -0.0126610     0.0025770     0.2604802
    -0.0128548     0.0024489     0.2604802
    -0.0130218     0.0023140     0.2604802
    -0.0131597     0.0021730     0.2604802
    -0.0132652     0.0020273     0.2604802
    -0.0133353     0.0018805     0.2604802
    -0.0133703     0.0017371     0.2604802
    -0.0133731     0.0015789     0.2604802
    -0.0133350     0.0014089     0.2604802
    -0.0132543     0.0012369     0.2604802
    -0.0131356     0.0010685     0.2604802
    -0.0129842     0.0009052     0.2604802
    -0.0128036     0.0007474     0.2604802
    -0.0125962     0.0005953     0.2604802
    -0.0123638     0.0004485     0.2604802
    -0.0121080     0.0003062     0.2604802
    -0.0118300     0.0001677     0.2604802
    -0.0115308     0.0000325     0.2604802
    -0.0112111    -0.0000997     0.2604802
    -0.0108717    -0.0002294     0.2604802
    -0.0105125    -0.0003565     0.2604802
    -0.0101338    -0.0004805     0.2604802
    -0.0097356    -0.0006019     0.2604802
    -0.0093187    -0.0007213     0.2604802
    -0.0088833    -0.0008393     0.2604802
    -0.0084297    -0.0009562     0.2604802
    -0.0079579    -0.0010723     0.2604802
    -0.0074681    -0.0011878     0.2604802
    -0.0069605    -0.0013030     0.2604802
    -0.0064350    -0.0014179     0.2604802
    -0.0058917    -0.0015325     0.2604802
    -0.0053307    -0.0016469     0.2604802
    -0.0047521    -0.0017615     0.2604802
    -0.0041561    -0.0018773     0.2604802
    -0.0035429    -0.0019952     0.2604802
    -0.0029126    -0.0021156     0.2604802
    -0.0022652    -0.0022386     0.2604802
    -0.0016007    -0.0023642     0.2604802
    -0.0009193    -0.0024927     0.2604802
    -0.0002208    -0.0026245     0.2604802
     0.0004944    -0.0027602     0.2604802
     0.0012264    -0.0029000     0.2604802
     0.0019753    -0.0030434     0.2604802
     0.0027414    -0.0031886     0.2604802
     0.0035246    -0.0033359     0.2604802
     0.0043249    -0.0034856     0.2604802
     0.0051423    -0.0036379     0.2604802
     0.0059766    -0.0037931     0.2604802
     0.0068280    -0.0039513     0.2604802
     0.0076963    -0.0041127     0.2604802
     0.0085814    -0.0042775     0.2604802
     0.0094835    -0.0044457     0.2604802
     0.0104023    -0.0046177     0.2604802
     0.0113379    -0.0047937     0.2604802
     0.0122901    -0.0049744     0.2604802
     0.0132590    -0.0051601     0.2604802
     0.0142443    -0.0053510     0.2604802
     0.0152462    -0.0055474     0.2604802
     0.0162646    -0.0057491     0.2604802
     0.0172994    -0.0059563     0.2604802
     0.0183507    -0.0061690     0.2604802
     0.0194185    -0.0063870     0.2604802
     0.0205027    -0.0066104     0.2604802
     0.0216033    -0.0068390     0.2604802
     0.0227204    -0.0070734     0.2604802
     0.0238540    -0.0073134     0.2604802
