     0.0161987    -0.0055147     0.0324009
     0.0155281    -0.0050174     0.0324009
     0.0148599    -0.0045380     0.0324009
     0.0141946    -0.0040760     0.0324009
     0.0135324    -0.0036314     0.0324009
     0.0128743    -0.0032033     0.0324009
     0.0122208    -0.0027907     0.0324009
     0.0115730    -0.0023926     0.0324009
     0.0109314    -0.0020083     0.0324009
     0.0102961    -0.0016376     0.0324009
     0.0096674    -0.0012807     0.0324009
     0.0090452    -0.0009374     0.0324009
     0.0084297    -0.0006077     0.0324009
     0.0078212    -0.0002914     0.0324009
     0.0072200     0.0000118     0.0324009
     0.0066262     0.0003020     0.0324009
     0.0060401     0.0005796     0.0324009
     0.0054619     0.0008446     0.0324009
     0.0048918     0.0010974     0.0324009
     0.0043300     0.0013381     0.0324009
     0.0037765     0.0015667     0.0324009
     0.0032314     0.0017828     0.0324009
     0.0026948     0.0019862     0.0324009
     0.0021664     0.0021766     0.0324009
     0.0016465     0.0023540     0.0324009
     0.0011351     0.0025178     0.0324009
     0.0006326     0.0026677     0.0324009
     0.0001390     0.0028035     0.0324009
    -0.0003454     0.0029251     0.0324009
    -0.0008204     0.0030323     0.0324009
    -0.0012855     0.0031260     0.0324009
    -0.0017404     0.0032074     0.0324009
    -0.0021846     0.0032775     0.0324009
    -0.0026178     0.0033363     0.0324009
    -0.0030400     0.0033836     0.0324009
    -0.0034509     0.0034193     0.0324009
    -0.0038502     0.0034435     0.0324009
    -0.0042376     0.0034563     0.0324009
    -0.0046127     0.0034580     0.0324009
    -0.0049754     0.0034492     0.0324009
    -0.0053253     0.0034308     0.0324009
    -0.0056621     0.0034036     0.0324009
    -0.0059857     0.0033685     0.0324009
    -0.0062957     0.0033257     0.0324009
    -0.0065918     0.0032745     0.0324009
    -0.0068736     0.0032144     0.0324009
    -0.0071404     0.0031450     0.0324009
    -0.0073919     0.0030660     0.0324009
    -0.0076275     0.0029783     0.0324009
    -0.0078468     0.0028838     0.0324009
    -0.0080495     0.0027845     0.0324009
    -0.0082354     0.0026813     0.0324009
    -0.0084041     0.0025718     0.0324009
    -0.0085551     0.0024536     0.0324009
    -0.0086877     0.0023283     0.0324009
    -0.0088006     0.0022003     0.0324009
    -0.0088939     0.0020734     0.0324009
    -0.0089682     0.0019505     0.0324009
    -0.0090251     0.0018342     0.0324009
    -0.0090666     0.0017261     0.0324009
    -0.0090953     0.0016261     0.0324009
    -0.0091160     0.0015172     0.0324009
    -0.0091259     0.0013945     0.0324009
    -0.0091210     0.0012589     0.0324009
    -0.0090984     0.0011120     0.0324009
    -0.0090554     0.0009563     0.0324009
    -0.0089897     0.0007957     0.0324009
    -0.0089002     0.0006350     0.0324009
    -0.0087871     0.0004761     0.0324009
    -0.0086524     0.0003190     0.0324009
    -0.0084976     0.0001638     0.0324009
    -0.0083236     0.0000108     0.0324009
    -0.0081321    -0.0001402     0.0324009
    -0.0079244    -0.0002890     0.0324009
    -0.0077000    -0.0004340     0.0324009
    -0.0074582    -0.0005736     0.0324009
    -0.0071995    -0.0007078     0.0324009
    -0.0069254    -0.0008383     0.0324009
    -0.0066370    -0.0009664     0.0324009
    -0.0063344    -0.0010920     0.0324009
    -0.0060180    -0.0012155     0.0324009
    -0.0056880    -0.0013371     0.0324009
    -0.0053445    -0.0014567     0.0324009
    -0.0049874    -0.0015738     0.0324009
    -0.0046166    -0.0016873     0.0324009
    -0.0042321    -0.0017966     0.0324009
    -0.0038341    -0.0019028     0.0324009
    -0.0034233    -0.0020076     0.0324009
    -0.0030003    -0.0021134     0.0324009
    -0.0025653    -0.0022205     0.0324009
    -0.0021180    -0.0023280     0.0324009
    -0.0016582    -0.0024348     0.0324009
    -0.0011858    -0.0025405     0.0324009
    -0.0007008    -0.0026455     0.0324009
    -0.0002033    -0.0027499     0.0324009
     0.0003065    -0.0028541     0.0324009
     0.0008286    -0.0029584     0.0324009
     0.0013628    -0.0030632     0.0324009
     0.0019092    -0.0031684     0.0324009
     0.0024678    -0.0032744     0.0324009
     0.0030385    -0.0033811     0.0324009
     0.0036212    -0.0034886     0.0324009
     0.0042161    -0.0035970     0.0324009
     0.0048231    -0.0037059     0.0324009
     0.0054423    -0.0038149     0.0324009
     0.0060738    -0.0039239     0.0324009
     0.0067175    -0.0040329     0.0324009
     0.0073732    -0.0041427     0.0324009
     0.0080410    -0.0042540     0.0324009
     0.0087205    -0.0043678     0.0324009
     0.0094118    -0.0044845     0.0324009
     0.0101149    -0.0046037     0.0324009
     0.0108298    -0.0047252     0.0324009
     0.0115565    -0.0048488     0.0324009
     0.0122952    -0.0049742     0.0324009
     0.0130459    -0.0051010     0.0324009
     0.0138086    -0.0052290     0.0324009
     0.0145832    -0.0053584     0.0324009
     0.0153697    -0.0054905     0.0324009
     0.0161678    -0.0056260     0.0324009
