     0.0303193    -0.0139834     0.1654471
     0.0290870    -0.0129570     0.1654471
     0.0278592    -0.0119624     0.1654471
     0.0266369    -0.0109990     0.1654471
     0.0254206    -0.0100664     0.1654471
     0.0242116    -0.0091635     0.1654471
     0.0230112    -0.0082890     0.1654471
     0.0218205    -0.0074417     0.1654471
     0.0206405    -0.0066206     0.1654471
     0.0194717    -0.0058254     0.1654471
     0.0183142    -0.0050560     0.1654471
     0.0171684    -0.0043122     0.1654471
     0.0160347    -0.0035937     0.1654471
     0.0149134    -0.0029001     0.1654471
     0.0138051    -0.0022312     0.1654471
     0.0127101    -0.0015864     0.1654471
     0.0116287    -0.0009656     0.1654471
     0.0105613    -0.0003683     0.1654471
     0.0095084     0.0002055     0.1654471
     0.0084701     0.0007565     0.1654471
     0.0074468     0.0012845     0.1654471
     0.0064385     0.0017894     0.1654471
     0.0054453     0.0022709     0.1654471
     0.0044672     0.0027290     0.1654471
     0.0035043     0.0031634     0.1654471
     0.0025562     0.0035723     0.1654471
     0.0016231     0.0039549     0.1654471
     0.0007053     0.0043112     0.1654471
    -0.0001968     0.0046413     0.1654471
    -0.0010826     0.0049454     0.1654471
    -0.0019515     0.0052244     0.1654471
    -0.0028028     0.0054799     0.1654471
    -0.0036355     0.0057131     0.1654471
    -0.0044495     0.0059242     0.1654471
    -0.0052442     0.0061133     0.1654471
    -0.0060194     0.0062805     0.1654471
    -0.0067745     0.0064261     0.1654471
    -0.0075090     0.0065504     0.1654471
    -0.0082225     0.0066539     0.1654471
    -0.0089145     0.0067376     0.1654471
    -0.0095843     0.0068023     0.1654471
    -0.0102315     0.0068494     0.1654471
    -0.0108556     0.0068798     0.1654471
    -0.0114562     0.0068939     0.1654471
    -0.0120328     0.0068912     0.1654471
    -0.0125850     0.0068713     0.1654471
    -0.0131120     0.0068337     0.1654471
    -0.0136131     0.0067784     0.1654471
    -0.0140877     0.0067063     0.1654471
    -0.0145349     0.0066194     0.1654471
    -0.0149539     0.0065195     0.1654471
    -0.0153443     0.0064079     0.1654471
    -0.0157054     0.0062815     0.1654471
    -0.0160367     0.0061379     0.1654471
    -0.0163365     0.0059780     0.1654471
    -0.0166022     0.0058060     0.1654471
    -0.0168320     0.0056251     0.1654471
    -0.0170243     0.0054380     0.1654471
    -0.0171775     0.0052475     0.1654471
    -0.0172902     0.0050577     0.1654471
    -0.0173644     0.0048723     0.1654471
    -0.0174096     0.0046639     0.1654471
    -0.0174169     0.0044300     0.1654471
    -0.0173806     0.0041782     0.1654471
    -0.0173012     0.0039144     0.1654471
    -0.0171801     0.0036422     0.1654471
    -0.0170181     0.0033653     0.1654471
    -0.0168153     0.0030878     0.1654471
    -0.0165735     0.0028111     0.1654471
    -0.0162955     0.0025350     0.1654471
    -0.0159835     0.0022593     0.1654471
    -0.0156390     0.0019840     0.1654471
    -0.0152641     0.0017089     0.1654471
    -0.0148603     0.0014341     0.1654471
    -0.0144272     0.0011608     0.1654471
    -0.0139640     0.0008906     0.1654471
    -0.0134715     0.0006234     0.1654471
    -0.0129515     0.0003573     0.1654471
    -0.0124053     0.0000911     0.1654471
    -0.0118332    -0.0001755     0.1654471
    -0.0112357    -0.0004428     0.1654471
    -0.0106129    -0.0007113     0.1654471
    -0.0099653    -0.0009810     0.1654471
    -0.0092927    -0.0012515     0.1654471
    -0.0085949    -0.0015220     0.1654471
    -0.0078719    -0.0017919     0.1654471
    -0.0071243    -0.0020625     0.1654471
    -0.0063527    -0.0023360     0.1654471
    -0.0055583    -0.0026147     0.1654471
    -0.0047414    -0.0028993     0.1654471
    -0.0039017    -0.0031891     0.1654471
    -0.0030389    -0.0034832     0.1654471
    -0.0021529    -0.0037817     0.1654471
    -0.0012440    -0.0040850     0.1654471
    -0.0003124    -0.0043936     0.1654471
     0.0006418    -0.0047082     0.1654471
     0.0016185    -0.0050285     0.1654471
     0.0026181    -0.0053534     0.1654471
     0.0036405    -0.0056833     0.1654471
     0.0046856    -0.0060183     0.1654471
     0.0057534    -0.0063589     0.1654471
     0.0068437    -0.0067053     0.1654471
     0.0079565    -0.0070576     0.1654471
     0.0090918    -0.0074156     0.1654471
     0.0102497    -0.0077791     0.1654471
     0.0114301    -0.0081482     0.1654471
     0.0126331    -0.0085230     0.1654471
     0.0138582    -0.0089044     0.1654471
     0.0151052    -0.0092935     0.1654471
     0.0163739    -0.0096912     0.1654471
     0.0176640    -0.0100981     0.1654471
     0.0189756    -0.0105140     0.1654471
     0.0203087    -0.0109388     0.1654471
     0.0216634    -0.0113722     0.1654471
     0.0230398    -0.0118140     0.1654471
     0.0244378    -0.0122640     0.1654471
     0.0258576    -0.0127218     0.1654471
     0.0272991    -0.0131877     0.1654471
     0.0287619    -0.0136629     0.1654471
     0.0302460    -0.0141480     0.1654471
