     0.0193243    -0.0130157     0.0514075
     0.0186157    -0.0121302     0.0514075
     0.0179045    -0.0112688     0.0514075
     0.0171911    -0.0104310     0.0514075
     0.0164761    -0.0096169     0.0514075
     0.0157608    -0.0088256     0.0514075
     0.0150465    -0.0080562     0.0514075
     0.0143346    -0.0073077     0.0514075
     0.0136261    -0.0065794     0.0514075
     0.0129213    -0.0058710     0.0514075
     0.0122204    -0.0051829     0.0514075
     0.0115234    -0.0045148     0.0514075
     0.0108306    -0.0038668     0.0514075
     0.0101425    -0.0032387     0.0514075
     0.0094594    -0.0026302     0.0514075
     0.0087816    -0.0020411     0.0514075
     0.0081096    -0.0014711     0.0514075
     0.0074437    -0.0009203     0.0514075
     0.0067842    -0.0003883     0.0514075
     0.0061314     0.0001251     0.0514075
     0.0054855     0.0006197     0.0514075
     0.0048463     0.0010953     0.0514075
     0.0042137     0.0015515     0.0514075
     0.0035878     0.0019880     0.0514075
     0.0029684     0.0024045     0.0514075
     0.0023556     0.0028005     0.0514075
     0.0017495     0.0031753     0.0514075
     0.0011504     0.0035286     0.0514075
     0.0005583     0.0038602     0.0514075
    -0.0000263     0.0041700     0.0514075
    -0.0006027     0.0044589     0.0514075
    -0.0011699     0.0047282     0.0514075
    -0.0017271     0.0049789     0.0514075
    -0.0022740     0.0052111     0.0514075
    -0.0028103     0.0054246     0.0514075
    -0.0033358     0.0056190     0.0514075
    -0.0038502     0.0057945     0.0514075
    -0.0043529     0.0059511     0.0514075
    -0.0048436     0.0060891     0.0514075
    -0.0053215     0.0062091     0.0514075
    -0.0057862     0.0063122     0.0514075
    -0.0062368     0.0063993     0.0514075
    -0.0066729     0.0064715     0.0514075
    -0.0070941     0.0065288     0.0514075
    -0.0075000     0.0065705     0.0514075
    -0.0078904     0.0065957     0.0514075
    -0.0082647     0.0066036     0.0514075
    -0.0086223     0.0065939     0.0514075
    -0.0089623     0.0065676     0.0514075
    -0.0092835     0.0065267     0.0514075
    -0.0095850     0.0064735     0.0514075
    -0.0098661     0.0064093     0.0514075
    -0.0101271     0.0063308     0.0514075
    -0.0103681     0.0062349     0.0514075
    -0.0105878     0.0061232     0.0514075
    -0.0107830     0.0060008     0.0514075
    -0.0109522     0.0058721     0.0514075
    -0.0110954     0.0057411     0.0514075
    -0.0112131     0.0056111     0.0514075
    -0.0113069     0.0054851     0.0514075
    -0.0113800     0.0053642     0.0514075
    -0.0114444     0.0052280     0.0514075
    -0.0114974     0.0050700     0.0514075
    -0.0115338     0.0048904     0.0514075
    -0.0115495     0.0046907     0.0514075
    -0.0115410     0.0044735     0.0514075
    -0.0115045     0.0042428     0.0514075
    -0.0114372     0.0040039     0.0514075
    -0.0113389     0.0037593     0.0514075
    -0.0112122     0.0035096     0.0514075
    -0.0110589     0.0032554     0.0514075
    -0.0108801     0.0029974     0.0514075
    -0.0106779     0.0027357     0.0514075
    -0.0104540     0.0024713     0.0514075
    -0.0102072     0.0022056     0.0514075
    -0.0099362     0.0019406     0.0514075
    -0.0096415     0.0016763     0.0514075
    -0.0093256     0.0014111     0.0514075
    -0.0089903     0.0011440     0.0514075
    -0.0086359     0.0008747     0.0514075
    -0.0082626     0.0006032     0.0514075
    -0.0078709     0.0003292     0.0514075
    -0.0074611     0.0000527     0.0514075
    -0.0070327    -0.0002255     0.0514075
    -0.0065853    -0.0005043     0.0514075
    -0.0061187    -0.0007829     0.0514075
    -0.0056336    -0.0010625     0.0514075
    -0.0051313    -0.0013452     0.0514075
    -0.0046134    -0.0016335     0.0514075
    -0.0040802    -0.0019280     0.0514075
    -0.0035312    -0.0022275     0.0514075
    -0.0029655    -0.0025308     0.0514075
    -0.0023832    -0.0028377     0.0514075
    -0.0017843    -0.0031483     0.0514075
    -0.0011691    -0.0034630     0.0514075
    -0.0005377    -0.0037821     0.0514075
     0.0001095    -0.0041061     0.0514075
     0.0007725    -0.0044350     0.0514075
     0.0014512    -0.0047691     0.0514075
     0.0021456    -0.0051086     0.0514075
     0.0028555    -0.0054535     0.0514075
     0.0035809    -0.0058040     0.0514075
     0.0043217    -0.0061601     0.0514075
     0.0050783    -0.0065213     0.0514075
     0.0058507    -0.0068874     0.0514075
     0.0066390    -0.0072580     0.0514075
     0.0074432    -0.0076333     0.0514075
     0.0082628    -0.0080142     0.0514075
     0.0090975    -0.0084016     0.0514075
     0.0099468    -0.0087966     0.0514075
     0.0108103    -0.0091996     0.0514075
     0.0116883    -0.0096103     0.0514075
     0.0125809    -0.0100285     0.0514075
     0.0134883    -0.0104538     0.0514075
     0.0144105    -0.0108858     0.0514075
     0.0153478    -0.0113244     0.0514075
     0.0163002    -0.0117691     0.0514075
     0.0172678    -0.0122201     0.0514075
     0.0182496    -0.0126791     0.0514075
     0.0192456    -0.0131467     0.0514075
