     0.0296989    -0.0155855     0.1464405
     0.0285204    -0.0144820     0.1464405
     0.0273443    -0.0134112     0.1464405
     0.0261715    -0.0123724     0.1464405
     0.0250027    -0.0113652     0.1464405
     0.0238393    -0.0103887     0.1464405
     0.0226826    -0.0094414     0.1464405
     0.0215340    -0.0085222     0.1464405
     0.0203946    -0.0076301     0.1464405
     0.0192648    -0.0067649     0.1464405
     0.0181449    -0.0059264     0.1464405
     0.0170351    -0.0051144     0.1464405
     0.0159358    -0.0043289     0.1464405
     0.0148475    -0.0035693     0.1464405
     0.0137707    -0.0028354     0.1464405
     0.0127057    -0.0021267     0.1464405
     0.0116530    -0.0014431     0.1464405
     0.0106130    -0.0007843     0.1464405
     0.0095860    -0.0001498     0.1464405
     0.0085725     0.0004605     0.1464405
     0.0075726     0.0010468     0.1464405
     0.0065863     0.0016087     0.1464405
     0.0056137     0.0021460     0.1464405
     0.0046549     0.0026585     0.1464405
     0.0037099     0.0031460     0.1464405
     0.0027782     0.0036067     0.1464405
     0.0018601     0.0040401     0.1464405
     0.0009559     0.0044458     0.1464405
     0.0000660     0.0048239     0.1464405
    -0.0008091     0.0051746     0.1464405
    -0.0016686     0.0054989     0.1464405
    -0.0025117     0.0057982     0.1464405
    -0.0033374     0.0060740     0.1464405
    -0.0041453     0.0063264     0.1464405
    -0.0049351     0.0065553     0.1464405
    -0.0057064     0.0067609     0.1464405
    -0.0064588     0.0069432     0.1464405
    -0.0071916     0.0071027     0.1464405
    -0.0079042     0.0072399     0.1464405
    -0.0085963     0.0073555     0.1464405
    -0.0092670     0.0074508     0.1464405
    -0.0099158     0.0075268     0.1464405
    -0.0105422     0.0075847     0.1464405
    -0.0111456     0.0076248     0.1464405
    -0.0117257     0.0076465     0.1464405
    -0.0122819     0.0076493     0.1464405
    -0.0128136     0.0076325     0.1464405
    -0.0133199     0.0075960     0.1464405
    -0.0138002     0.0075409     0.1464405
    -0.0142533     0.0074692     0.1464405
    -0.0146784     0.0073830     0.1464405
    -0.0150749     0.0072837     0.1464405
    -0.0154424     0.0071680     0.1464405
    -0.0157804     0.0070328     0.1464405
    -0.0160873     0.0068797     0.1464405
    -0.0163602     0.0067129     0.1464405
    -0.0165970     0.0065364     0.1464405
    -0.0167965     0.0063532     0.1464405
    -0.0169574     0.0061664     0.1464405
    -0.0170788     0.0059800     0.1464405
    -0.0171631     0.0057975     0.1464405
    -0.0172215     0.0055910     0.1464405
    -0.0172461     0.0053567     0.1464405
    -0.0172306     0.0051009     0.1464405
    -0.0171740     0.0048289     0.1464405
    -0.0170767     0.0045446     0.1464405
    -0.0169383     0.0042521     0.1464405
    -0.0167584     0.0039562     0.1464405
    -0.0165382     0.0036587     0.1464405
    -0.0162808     0.0033598     0.1464405
    -0.0159885     0.0030593     0.1464405
    -0.0156629     0.0027576     0.1464405
    -0.0153062     0.0024544     0.1464405
    -0.0149200     0.0021502     0.1464405
    -0.0145038     0.0018463     0.1464405
    -0.0140566     0.0015445     0.1464405
    -0.0135790     0.0012447     0.1464405
    -0.0130734     0.0009450     0.1464405
    -0.0125412     0.0006442     0.1464405
    -0.0119827     0.0003419     0.1464405
    -0.0113984     0.0000379     0.1464405
    -0.0107887    -0.0002683     0.1464405
    -0.0101538    -0.0005767     0.1464405
    -0.0094937    -0.0008867     0.1464405
    -0.0088079    -0.0011975     0.1464405
    -0.0080964    -0.0015083     0.1464405
    -0.0073599    -0.0018205     0.1464405
    -0.0065994    -0.0021364     0.1464405
    -0.0058161    -0.0024586     0.1464405
    -0.0050105    -0.0027878     0.1464405
    -0.0041821    -0.0031230     0.1464405
    -0.0033304    -0.0034633     0.1464405
    -0.0024556    -0.0038087     0.1464405
    -0.0015577    -0.0041595     0.1464405
    -0.0006371    -0.0045163     0.1464405
     0.0003060    -0.0048797     0.1464405
     0.0012717    -0.0052495     0.1464405
     0.0022602    -0.0056251     0.1464405
     0.0032715    -0.0060065     0.1464405
     0.0043054    -0.0063941     0.1464405
     0.0053618    -0.0067881     0.1464405
     0.0064407    -0.0071890     0.1464405
     0.0075420    -0.0075966     0.1464405
     0.0086657    -0.0080108     0.1464405
     0.0098120    -0.0084314     0.1464405
     0.0109808    -0.0088581     0.1464405
     0.0121720    -0.0092914     0.1464405
     0.0133853    -0.0097320     0.1464405
     0.0146205    -0.0101812     0.1464405
     0.0158769    -0.0106399     0.1464405
     0.0171546    -0.0111088     0.1464405
     0.0184535    -0.0115875     0.1464405
     0.0197737    -0.0120760     0.1464405
     0.0211152    -0.0125740     0.1464405
     0.0224782    -0.0130811     0.1464405
     0.0238628    -0.0135972     0.1464405
     0.0252689    -0.0141218     0.1464405
     0.0266967    -0.0146551     0.1464405
     0.0281455    -0.0151988     0.1464405
     0.0296153    -0.0157532     0.1464405
