     0.0300450    -0.0123315     0.1844537
     0.0288009    -0.0113956     0.1844537
     0.0275630    -0.0104901     0.1844537
     0.0263321    -0.0096141     0.1844537
     0.0251089    -0.0087673     0.1844537
     0.0238943    -0.0079486     0.1844537
     0.0226895    -0.0071568     0.1844537
     0.0214957    -0.0063906     0.1844537
     0.0203134    -0.0056493     0.1844537
     0.0191433    -0.0049324     0.1844537
     0.0179855    -0.0042398     0.1844537
     0.0168404    -0.0035713     0.1844537
     0.0157082    -0.0029265     0.1844537
     0.0145894    -0.0023050     0.1844537
     0.0134844    -0.0017067     0.1844537
     0.0123935    -0.0011309     0.1844537
     0.0113170    -0.0005775     0.1844537
     0.0102553    -0.0000462     0.1844537
     0.0092087     0.0004634     0.1844537
     0.0081775     0.0009516     0.1844537
     0.0071620     0.0014185     0.1844537
     0.0061621     0.0018639     0.1844537
     0.0051779     0.0022876     0.1844537
     0.0042097     0.0026897     0.1844537
     0.0032575     0.0030699     0.1844537
     0.0023208     0.0034262     0.1844537
     0.0013997     0.0037580     0.1844537
     0.0004948     0.0040653     0.1844537
    -0.0003936     0.0043482     0.1844537
    -0.0012651     0.0046070     0.1844537
    -0.0021191     0.0048426     0.1844537
    -0.0029549     0.0050564     0.1844537
    -0.0037719     0.0052496     0.1844537
    -0.0045696     0.0054224     0.1844537
    -0.0053478     0.0055749     0.1844537
    -0.0061060     0.0057073     0.1844537
    -0.0068440     0.0058200     0.1844537
    -0.0075611     0.0059133     0.1844537
    -0.0082569     0.0059878     0.1844537
    -0.0089311     0.0060442     0.1844537
    -0.0095831     0.0060836     0.1844537
    -0.0102125     0.0061069     0.1844537
    -0.0108190     0.0061153     0.1844537
    -0.0114021     0.0061089     0.1844537
    -0.0119615     0.0060875     0.1844537
    -0.0124965     0.0060507     0.1844537
    -0.0130067     0.0059984     0.1844537
    -0.0134913     0.0059304     0.1844537
    -0.0139498     0.0058476     0.1844537
    -0.0143814     0.0057518     0.1844537
    -0.0147855     0.0056445     0.1844537
    -0.0151618     0.0055268     0.1844537
    -0.0155094     0.0053962     0.1844537
    -0.0158277     0.0052504     0.1844537
    -0.0161151     0.0050904     0.1844537
    -0.0163694     0.0049195     0.1844537
    -0.0165887     0.0047404     0.1844537
    -0.0167713     0.0045555     0.1844537
    -0.0169150     0.0043672     0.1844537
    -0.0170182     0.0041796     0.1844537
    -0.0170824     0.0039967     0.1844537
    -0.0171153     0.0037923     0.1844537
    -0.0171076     0.0035652     0.1844537
    -0.0170544     0.0033241     0.1844537
    -0.0169574     0.0030750     0.1844537
    -0.0168191     0.0028213     0.1844537
    -0.0166411     0.0025660     0.1844537
    -0.0164243     0.0023124     0.1844537
    -0.0161706     0.0020615     0.1844537
    -0.0158826     0.0018127     0.1844537
    -0.0155623     0.0015659     0.1844537
    -0.0152112     0.0013208     0.1844537
    -0.0148311     0.0010770     0.1844537
    -0.0144233     0.0008346     0.1844537
    -0.0139876     0.0005947     0.1844537
    -0.0135236     0.0003584     0.1844537
    -0.0130317     0.0001255     0.1844537
    -0.0125135    -0.0001055     0.1844537
    -0.0119702    -0.0003358     0.1844537
    -0.0114020    -0.0005658     0.1844537
    -0.0108092    -0.0007956     0.1844537
    -0.0101921    -0.0010259     0.1844537
    -0.0095510    -0.0012567     0.1844537
    -0.0088859    -0.0014876     0.1844537
    -0.0081965    -0.0017180     0.1844537
    -0.0074830    -0.0019475     0.1844537
    -0.0067456    -0.0021773     0.1844537
    -0.0059852    -0.0024093     0.1844537
    -0.0052024    -0.0026455     0.1844537
    -0.0043976    -0.0028866     0.1844537
    -0.0035705    -0.0031321     0.1844537
    -0.0027209    -0.0033814     0.1844537
    -0.0018489    -0.0036344     0.1844537
    -0.0009545    -0.0038916     0.1844537
    -0.0000380    -0.0041538     0.1844537
     0.0009004    -0.0044212     0.1844537
     0.0018608    -0.0046937     0.1844537
     0.0028435    -0.0049700     0.1844537
     0.0038486    -0.0052503     0.1844537
     0.0048759    -0.0055349     0.1844537
     0.0059253    -0.0058242     0.1844537
     0.0069967    -0.0061185     0.1844537
     0.0080902    -0.0064177     0.1844537
     0.0092057    -0.0067219     0.1844537
     0.0103431    -0.0070310     0.1844537
     0.0115026    -0.0073450     0.1844537
     0.0126840    -0.0076640     0.1844537
     0.0138871    -0.0079890     0.1844537
     0.0151118    -0.0083207     0.1844537
     0.0163577    -0.0086602     0.1844537
     0.0176247    -0.0090079     0.1844537
     0.0189129    -0.0093637     0.1844537
     0.0202222    -0.0097275     0.1844537
     0.0215528    -0.0100991     0.1844537
     0.0229045    -0.0104783     0.1844537
     0.0242776    -0.0108650     0.1844537
     0.0256719    -0.0112588     0.1844537
     0.0270875    -0.0116600     0.1844537
     0.0285241    -0.0120697     0.1844537
     0.0299817    -0.0124881     0.1844537
