     0.0291145    -0.0107750     0.2034604
     0.0278913    -0.0099328     0.2034604
     0.0266754    -0.0091189     0.2034604
     0.0254677    -0.0083325     0.2034604
     0.0242686    -0.0075733     0.2034604
     0.0230792    -0.0068401     0.2034604
     0.0219003    -0.0061319     0.2034604
     0.0207328    -0.0054475     0.2034604
     0.0195776    -0.0047863     0.2034604
     0.0184348    -0.0041477     0.2034604
     0.0173049    -0.0035316     0.2034604
     0.0161881    -0.0029377     0.2034604
     0.0150846    -0.0023658     0.2034604
     0.0139949    -0.0018154     0.2034604
     0.0129193    -0.0012862     0.2034604
     0.0118581    -0.0007779     0.2034604
     0.0108116    -0.0002901     0.2034604
     0.0097801     0.0001775     0.2034604
     0.0087639     0.0006250     0.2034604
     0.0077632     0.0010530     0.2034604
     0.0067783     0.0014614     0.2034604
     0.0058092     0.0018502     0.2034604
     0.0048560     0.0022192     0.2034604
     0.0039190     0.0025686     0.2034604
     0.0029981     0.0028980     0.2034604
     0.0020929     0.0032055     0.2034604
     0.0012037     0.0034905     0.2034604
     0.0003306     0.0037529     0.2034604
    -0.0005257     0.0039930     0.2034604
    -0.0013651     0.0042112     0.2034604
    -0.0021868     0.0044083     0.2034604
    -0.0029905     0.0045855     0.2034604
    -0.0037754     0.0047437     0.2034604
    -0.0045414     0.0048835     0.2034604
    -0.0052880     0.0050049     0.2034604
    -0.0060150     0.0051081     0.2034604
    -0.0067219     0.0051936     0.2034604
    -0.0074084     0.0052617     0.2034604
    -0.0080740     0.0053129     0.2034604
    -0.0087184     0.0053480     0.2034604
    -0.0093412     0.0053679     0.2034604
    -0.0099420     0.0053734     0.2034604
    -0.0105205     0.0053656     0.2034604
    -0.0110764     0.0053446     0.2034604
    -0.0116093     0.0053104     0.2034604
    -0.0121187     0.0052627     0.2034604
    -0.0126041     0.0052014     0.2034604
    -0.0130649     0.0051265     0.2034604
    -0.0135006     0.0050387     0.2034604
    -0.0139106     0.0049396     0.2034604
    -0.0142944     0.0048304     0.2034604
    -0.0146515     0.0047120     0.2034604
    -0.0149813     0.0045824     0.2034604
    -0.0152830     0.0044396     0.2034604
    -0.0155550     0.0042844     0.2034604
    -0.0157956     0.0041195     0.2034604
    -0.0160026     0.0039471     0.2034604
    -0.0161743     0.0037688     0.2034604
    -0.0163080     0.0035871     0.2034604
    -0.0164018     0.0034059     0.2034604
    -0.0164569     0.0032294     0.2034604
    -0.0164791     0.0030330     0.2034604
    -0.0164593     0.0028170     0.2034604
    -0.0163934     0.0025906     0.2034604
    -0.0162840     0.0023601     0.2034604
    -0.0161347     0.0021282     0.2034604
    -0.0159477     0.0018973     0.2034604
    -0.0157246     0.0016699     0.2034604
    -0.0154671     0.0014464     0.2034604
    -0.0151778     0.0012264     0.2034604
    -0.0148585     0.0010092     0.2034604
    -0.0145105     0.0007948     0.2034604
    -0.0141353     0.0005825     0.2034604
    -0.0137342     0.0003724     0.2034604
    -0.0133069     0.0001651     0.2034604
    -0.0128533    -0.0000383     0.2034604
    -0.0123737    -0.0002381     0.2034604
    -0.0118695    -0.0004356     0.2034604
    -0.0113415    -0.0006320     0.2034604
    -0.0107901    -0.0008274     0.2034604
    -0.0102153    -0.0010223     0.2034604
    -0.0096176    -0.0012170     0.2034604
    -0.0089971    -0.0014117     0.2034604
    -0.0083538    -0.0016061     0.2034604
    -0.0076877    -0.0017999     0.2034604
    -0.0069987    -0.0019926     0.2034604
    -0.0062872    -0.0021854     0.2034604
    -0.0055538    -0.0023798     0.2034604
    -0.0047989    -0.0025777     0.2034604
    -0.0040228    -0.0027797     0.2034604
    -0.0032255    -0.0029854     0.2034604
    -0.0024066    -0.0031943     0.2034604
    -0.0015664    -0.0034066     0.2034604
    -0.0007048    -0.0036227     0.2034604
     0.0001779    -0.0038433     0.2034604
     0.0010815    -0.0040687     0.2034604
     0.0020061    -0.0042987     0.2034604
     0.0029522    -0.0045317     0.2034604
     0.0039197    -0.0047680     0.2034604
     0.0049084    -0.0050079     0.2034604
     0.0059184    -0.0052517     0.2034604
     0.0069495    -0.0054997     0.2034604
     0.0080017    -0.0057521     0.2034604
     0.0090750    -0.0060087     0.2034604
     0.0101694    -0.0062697     0.2034604
     0.0112848    -0.0065350     0.2034604
     0.0124212    -0.0068048     0.2034604
     0.0135784    -0.0070799     0.2034604
     0.0147564    -0.0073612     0.2034604
     0.0159547    -0.0076493     0.2034604
     0.0171735    -0.0079447     0.2034604
     0.0184126    -0.0082474     0.2034604
     0.0196722    -0.0085572     0.2034604
     0.0209521    -0.0088741     0.2034604
     0.0222524    -0.0091980     0.2034604
     0.0235732    -0.0095287     0.2034604
     0.0249143    -0.0098659     0.2034604
     0.0262760    -0.0102098     0.2034604
     0.0276578    -0.0105613     0.2034604
     0.0290600    -0.0109207     0.2034604
