     0.0258517    -0.0190220     0.1084273
     0.0249083    -0.0177900     0.1084273
     0.0239614    -0.0165900     0.1084273
     0.0230119    -0.0154214     0.1084273
     0.0220606    -0.0142841     0.1084273
     0.0211089    -0.0131772     0.1084273
     0.0201585    -0.0120996     0.1084273
     0.0192112    -0.0110502     0.1084273
     0.0182682    -0.0100281     0.1084273
     0.0173299    -0.0090332     0.1084273
     0.0163965    -0.0080655     0.1084273
     0.0154683    -0.0071250     0.1084273
     0.0145456    -0.0062114     0.1084273
     0.0136291    -0.0053246     0.1084273
     0.0127191    -0.0044643     0.1084273
     0.0118162    -0.0036302     0.1084273
     0.0109208    -0.0028220     0.1084273
     0.0100335    -0.0020396     0.1084273
     0.0091544    -0.0012827     0.1084273
     0.0082842    -0.0005511     0.1084273
     0.0074230     0.0001553     0.1084273
     0.0065707     0.0008360     0.1084273
     0.0057273     0.0014906     0.1084273
     0.0048927     0.0021191     0.1084273
     0.0040670     0.0027209     0.1084273
     0.0032497     0.0032950     0.1084273
     0.0024409     0.0038406     0.1084273
     0.0016409     0.0043573     0.1084273
     0.0008501     0.0048450     0.1084273
     0.0000690     0.0053036     0.1084273
    -0.0007016     0.0057342     0.1084273
    -0.0014604     0.0061382     0.1084273
    -0.0022063     0.0065169     0.1084273
    -0.0029388     0.0068704     0.1084273
    -0.0036577     0.0071984     0.1084273
    -0.0043627     0.0075008     0.1084273
    -0.0050531     0.0077777     0.1084273
    -0.0057285     0.0080294     0.1084273
    -0.0063881     0.0082560     0.1084273
    -0.0070314     0.0084585     0.1084273
    -0.0076573     0.0086379     0.1084273
    -0.0082651     0.0087954     0.1084273
    -0.0088541     0.0089322     0.1084273
    -0.0094237     0.0090483     0.1084273
    -0.0099736     0.0091430     0.1084273
    -0.0105035     0.0092155     0.1084273
    -0.0110125     0.0092649     0.1084273
    -0.0115002     0.0092908     0.1084273
    -0.0119654     0.0092942     0.1084273
    -0.0124066     0.0092775     0.1084273
    -0.0128225     0.0092430     0.1084273
    -0.0132124     0.0091920     0.1084273
    -0.0135764     0.0091208     0.1084273
    -0.0139149     0.0090260     0.1084273
    -0.0142258     0.0089092     0.1084273
    -0.0145054     0.0087752     0.1084273
    -0.0147512     0.0086285     0.1084273
    -0.0149621     0.0084729     0.1084273
    -0.0151373     0.0083119     0.1084273
    -0.0152769     0.0081494     0.1084273
    -0.0153835     0.0079882     0.1084273
    -0.0154731     0.0078025     0.1084273
    -0.0155401     0.0075858     0.1084273
    -0.0155775     0.0073412     0.1084273
    -0.0155822     0.0070724     0.1084273
    -0.0155518     0.0067828     0.1084273
    -0.0154837     0.0064769     0.1084273
    -0.0153756     0.0061603     0.1084273
    -0.0152278     0.0058356     0.1084273
    -0.0150435     0.0055033     0.1084273
    -0.0148250     0.0051640     0.1084273
    -0.0145737     0.0048184     0.1084273
    -0.0142921     0.0044668     0.1084273
    -0.0139820     0.0041100     0.1084273
    -0.0136421     0.0037496     0.1084273
    -0.0132713     0.0033876     0.1084273
    -0.0128699     0.0030238     0.1084273
    -0.0124409     0.0026568     0.1084273
    -0.0119864     0.0022853     0.1084273
    -0.0115065     0.0019091     0.1084273
    -0.0110019     0.0015280     0.1084273
    -0.0104729     0.0011417     0.1084273
    -0.0099198     0.0007501     0.1084273
    -0.0093424     0.0003541     0.1084273
    -0.0087401    -0.0000453     0.1084273
    -0.0081126    -0.0004473     0.1084273
    -0.0074608    -0.0008532     0.1084273
    -0.0067864    -0.0012654     0.1084273
    -0.0060911    -0.0016866     0.1084273
    -0.0053754    -0.0021174     0.1084273
    -0.0046388    -0.0025567     0.1084273
    -0.0038803    -0.0030035     0.1084273
    -0.0031000    -0.0034574     0.1084273
    -0.0022981    -0.0039188     0.1084273
    -0.0014749    -0.0043883     0.1084273
    -0.0006306    -0.0048662     0.1084273
     0.0002345    -0.0053528     0.1084273
     0.0011206    -0.0058477     0.1084273
     0.0020277    -0.0063511     0.1084273
     0.0029555    -0.0068632     0.1084273
     0.0039041    -0.0073844     0.1084273
     0.0048731    -0.0079148     0.1084273
     0.0058628    -0.0084543     0.1084273
     0.0068731    -0.0090027     0.1084273
     0.0079042    -0.0095598     0.1084273
     0.0089563    -0.0101251     0.1084273
     0.0100292    -0.0106991     0.1084273
     0.0111223    -0.0112826     0.1084273
     0.0122353    -0.0118767     0.1084273
     0.0133673    -0.0124826     0.1084273
     0.0145182    -0.0131007     0.1084273
     0.0156881    -0.0137310     0.1084273
     0.0168771    -0.0143731     0.1084273
     0.0180854    -0.0150266     0.1084273
     0.0193130    -0.0156913     0.1084273
     0.0205603    -0.0163668     0.1084273
     0.0218273    -0.0170527     0.1084273
     0.0231140    -0.0177493     0.1084273
     0.0244195    -0.0184583     0.1084273
     0.0257434    -0.0191803     0.1084273
