     0.0220935    -0.0063728     0.2794868
     0.0211362    -0.0058481     0.2794868
     0.0201870    -0.0053426     0.2794868
     0.0192465    -0.0048554     0.2794868
     0.0183149    -0.0043863     0.2794868
     0.0173929    -0.0039344     0.2794868
     0.0164808    -0.0034992     0.2794868
     0.0155790    -0.0030801     0.2794868
     0.0146880    -0.0026766     0.2794868
     0.0138079    -0.0022884     0.2794868
     0.0129390    -0.0019152     0.2794868
     0.0120815    -0.0015566     0.2794868
     0.0112356    -0.0012125     0.2794868
     0.0104016    -0.0008825     0.2794868
     0.0095795    -0.0005664     0.2794868
     0.0087696    -0.0002639     0.2794868
     0.0079721     0.0000251     0.2794868
     0.0071872     0.0003010     0.2794868
     0.0064149     0.0005639     0.2794868
     0.0056555     0.0008140     0.2794868
     0.0049091     0.0010515     0.2794868
     0.0041758     0.0012765     0.2794868
     0.0034557     0.0014891     0.2794868
     0.0027490     0.0016894     0.2794868
     0.0020556     0.0018773     0.2794868
     0.0013753     0.0020509     0.2794868
     0.0007081     0.0022097     0.2794868
     0.0000542     0.0023539     0.2794868
    -0.0005860     0.0024839     0.2794868
    -0.0012124     0.0026001     0.2794868
    -0.0018245     0.0027029     0.2794868
    -0.0024223     0.0027930     0.2794868
    -0.0030054     0.0028708     0.2794868
    -0.0035735     0.0029368     0.2794868
    -0.0041265     0.0029912     0.2794868
    -0.0046642     0.0030345     0.2794868
    -0.0051863     0.0030669     0.2794868
    -0.0056927     0.0030888     0.2794868
    -0.0061831     0.0031007     0.2794868
    -0.0066573     0.0031029     0.2794868
    -0.0071152     0.0030959     0.2794868
    -0.0075565     0.0030803     0.2794868
    -0.0079812     0.0030564     0.2794868
    -0.0083890     0.0030246     0.2794868
    -0.0087797     0.0029851     0.2794868
    -0.0091531     0.0029379     0.2794868
    -0.0095089     0.0028832     0.2794868
    -0.0098469     0.0028212     0.2794868
    -0.0101668     0.0027522     0.2794868
    -0.0104683     0.0026767     0.2794868
    -0.0107512     0.0025950     0.2794868
    -0.0110150     0.0025074     0.2794868
    -0.0112591     0.0024131     0.2794868
    -0.0114830     0.0023118     0.2794868
    -0.0116856     0.0022033     0.2794868
    -0.0118655     0.0020879     0.2794868
    -0.0120208     0.0019660     0.2794868
    -0.0121491     0.0018376     0.2794868
    -0.0122469     0.0017042     0.2794868
    -0.0123109     0.0015692     0.2794868
    -0.0123415     0.0014369     0.2794868
    -0.0123405     0.0012913     0.2794868
    -0.0123000     0.0011358     0.2794868
    -0.0122186     0.0009802     0.2794868
    -0.0121014     0.0008299     0.2794868
    -0.0119539     0.0006860     0.2794868
    -0.0117799     0.0005483     0.2794868
    -0.0115819     0.0004165     0.2794868
    -0.0113616     0.0002900     0.2794868
    -0.0111205     0.0001679     0.2794868
    -0.0108595     0.0000496     0.2794868
    -0.0105794    -0.0000655     0.2794868
    -0.0102809    -0.0001777     0.2794868
    -0.0099645    -0.0002875     0.2794868
    -0.0096304    -0.0003949     0.2794868
    -0.0092786    -0.0004997     0.2794868
    -0.0089093    -0.0006024     0.2794868
    -0.0085230    -0.0007033     0.2794868
    -0.0081199    -0.0008030     0.2794868
    -0.0077002    -0.0009017     0.2794868
    -0.0072639    -0.0009997     0.2794868
    -0.0068111    -0.0010972     0.2794868
    -0.0063421    -0.0011944     0.2794868
    -0.0058567    -0.0012915     0.2794868
    -0.0053551    -0.0013885     0.2794868
    -0.0048373    -0.0014856     0.2794868
    -0.0043034    -0.0015832     0.2794868
    -0.0037535    -0.0016820     0.2794868
    -0.0031879    -0.0017826     0.2794868
    -0.0026065    -0.0018854     0.2794868
    -0.0020094    -0.0019906     0.2794868
    -0.0013966    -0.0020984     0.2794868
    -0.0007682    -0.0022090     0.2794868
    -0.0001242    -0.0023229     0.2794868
     0.0005353    -0.0024405     0.2794868
     0.0012101    -0.0025621     0.2794868
     0.0019004    -0.0026872     0.2794868
     0.0026065    -0.0028140     0.2794868
     0.0033285    -0.0029426     0.2794868
     0.0040662    -0.0030733     0.2794868
     0.0048195    -0.0032064     0.2794868
     0.0055885    -0.0033422     0.2794868
     0.0063732    -0.0034808     0.2794868
     0.0071734    -0.0036223     0.2794868
     0.0079891    -0.0037671     0.2794868
     0.0088204    -0.0039151     0.2794868
     0.0096671    -0.0040668     0.2794868
     0.0105292    -0.0042223     0.2794868
     0.0114067    -0.0043821     0.2794868
     0.0122994    -0.0045465     0.2794868
     0.0132074    -0.0047157     0.2794868
     0.0141307    -0.0048898     0.2794868
     0.0150690    -0.0050690     0.2794868
     0.0160226    -0.0052532     0.2794868
     0.0169913    -0.0054425     0.2794868
     0.0179752    -0.0056369     0.2794868
     0.0189742    -0.0058363     0.2794868
     0.0199884    -0.0060408     0.2794868
     0.0210176    -0.0062504     0.2794868
     0.0220621    -0.0064652     0.2794868
