     0.0198086    -0.0180257     0.0704141
     0.0191444    -0.0169074     0.0704141
     0.0184735    -0.0158159     0.0704141
     0.0177967    -0.0147506     0.0704141
     0.0171147    -0.0137118     0.0704141
     0.0164290    -0.0126986     0.0704141
     0.0157411    -0.0117103     0.0704141
     0.0150527    -0.0107459     0.0704141
     0.0143650    -0.0098049     0.0704141
     0.0136785    -0.0088872     0.0704141
     0.0129932    -0.0079928     0.0704141
     0.0123093    -0.0071218     0.0704141
     0.0116272    -0.0062741     0.0704141
     0.0109473    -0.0054495     0.0704141
     0.0102700    -0.0046479     0.0704141
     0.0095959    -0.0038691     0.0704141
     0.0089253    -0.0031128     0.0704141
     0.0082587    -0.0023791     0.0704141
     0.0075964    -0.0016676     0.0704141
     0.0069389    -0.0009783     0.0704141
     0.0062862    -0.0003111     0.0704141
     0.0056383     0.0003335     0.0704141
     0.0049950     0.0009552     0.0704141
     0.0043561     0.0015536     0.0704141
     0.0037217     0.0021286     0.0704141
     0.0030915     0.0026794     0.0704141
     0.0024656     0.0032053     0.0704141
     0.0018442     0.0037058     0.0704141
     0.0012275     0.0041808     0.0704141
     0.0006157     0.0046301     0.0704141
     0.0000100     0.0050546     0.0704141
    -0.0005884     0.0054555     0.0704141
    -0.0011784     0.0058338     0.0704141
    -0.0017597     0.0061896     0.0704141
    -0.0023321     0.0065225     0.0704141
    -0.0028952     0.0068324     0.0704141
    -0.0034488     0.0071192     0.0704141
    -0.0039922     0.0073829     0.0704141
    -0.0045248     0.0076238     0.0704141
    -0.0050460     0.0078425     0.0704141
    -0.0055548     0.0080400     0.0704141
    -0.0060504     0.0082173     0.0704141
    -0.0065321     0.0083754     0.0704141
    -0.0069993     0.0085142     0.0704141
    -0.0074518     0.0086330     0.0704141
    -0.0078895     0.0087308     0.0704141
    -0.0083118     0.0088068     0.0704141
    -0.0087182     0.0088605     0.0704141
    -0.0091076     0.0088927     0.0704141
    -0.0094782     0.0089055     0.0704141
    -0.0098287     0.0089011     0.0704141
    -0.0101584     0.0088808     0.0704141
    -0.0104678     0.0088411     0.0704141
    -0.0107576     0.0087787     0.0704141
    -0.0110259     0.0086951     0.0704141
    -0.0112687     0.0085950     0.0704141
    -0.0114836     0.0084828     0.0704141
    -0.0116696     0.0083624     0.0704141
    -0.0118264     0.0082374     0.0704141
    -0.0119549     0.0081113     0.0704141
    -0.0120579     0.0079863     0.0704141
    -0.0121519     0.0078414     0.0704141
    -0.0122345     0.0076694     0.0704141
    -0.0122994     0.0074707     0.0704141
    -0.0123426     0.0072468     0.0704141
    -0.0123603     0.0070001     0.0704141
    -0.0123483     0.0067346     0.0704141
    -0.0123030     0.0064553     0.0704141
    -0.0122242     0.0061647     0.0704141
    -0.0121144     0.0058641     0.0704141
    -0.0119757     0.0055542     0.0704141
    -0.0118093     0.0052358     0.0704141
    -0.0116174     0.0049095     0.0704141
    -0.0114015     0.0045764     0.0704141
    -0.0111603     0.0042380     0.0704141
    -0.0108921     0.0038961     0.0704141
    -0.0105975     0.0035507     0.0704141
    -0.0102793     0.0032006     0.0704141
    -0.0099398     0.0028449     0.0704141
    -0.0095790     0.0024834     0.0704141
    -0.0091976     0.0021161     0.0704141
    -0.0087958     0.0017426     0.0704141
    -0.0083741     0.0013631     0.0704141
    -0.0079319     0.0009783     0.0704141
    -0.0074686     0.0005894     0.0704141
    -0.0069837     0.0001969     0.0704141
    -0.0064784    -0.0002001     0.0704141
    -0.0059542    -0.0006038     0.0704141
    -0.0054134    -0.0010166     0.0704141
    -0.0048563    -0.0014390     0.0704141
    -0.0042822    -0.0018699     0.0704141
    -0.0036901    -0.0023083     0.0704141
    -0.0030799    -0.0027538     0.0704141
    -0.0024517    -0.0032067     0.0704141
    -0.0018060    -0.0036673     0.0704141
    -0.0011430    -0.0041360     0.0704141
    -0.0004630    -0.0046132     0.0704141
     0.0002340    -0.0050988     0.0704141
     0.0009479    -0.0055931     0.0704141
     0.0016786    -0.0060961     0.0704141
     0.0024259    -0.0066081     0.0704141
     0.0031898    -0.0071292     0.0704141
     0.0039702    -0.0076593     0.0704141
     0.0047673    -0.0081982     0.0704141
     0.0055815    -0.0087455     0.0704141
     0.0064128    -0.0093009     0.0704141
     0.0072611    -0.0098647     0.0704141
     0.0081258    -0.0104375     0.0704141
     0.0090064    -0.0110205     0.0704141
     0.0099021    -0.0116147     0.0704141
     0.0108127    -0.0122205     0.0704141
     0.0117382    -0.0128376     0.0704141
     0.0126789    -0.0134659     0.0704141
     0.0136350    -0.0141049     0.0704141
     0.0146067    -0.0147543     0.0704141
     0.0155942    -0.0154139     0.0704141
     0.0165977    -0.0160833     0.0704141
     0.0176171    -0.0167627     0.0704141
     0.0186512    -0.0174537     0.0704141
     0.0196998    -0.0181569     0.0704141
