     0.0280531    -0.0171976     0.1274339
     0.0269773    -0.0160305     0.1274339
     0.0259011    -0.0148959     0.1274339
     0.0248256    -0.0137933     0.1274339
     0.0237514    -0.0127224     0.1274339
     0.0226799    -0.0116821     0.1274339
     0.0216127    -0.0106713     0.1274339
     0.0205514    -0.0096888     0.1274339
     0.0194970    -0.0087337     0.1274339
     0.0184500    -0.0078056     0.1274339
     0.0174107    -0.0069047     0.1274339
     0.0163793    -0.0060307     0.1274339
     0.0153562    -0.0051836     0.1274339
     0.0143419    -0.0043628     0.1274339
     0.0133369    -0.0035684     0.1274339
     0.0123416    -0.0027997     0.1274339
     0.0113564    -0.0020566     0.1274339
     0.0103818    -0.0013388     0.1274339
     0.0094182    -0.0006461     0.1274339
     0.0084660     0.0000218     0.1274339
     0.0075253     0.0006650     0.1274339
     0.0065962     0.0012831     0.1274339
     0.0056787     0.0018758     0.1274339
     0.0047727     0.0024429     0.1274339
     0.0038783     0.0029841     0.1274339
     0.0029951     0.0034980     0.1274339
     0.0021232     0.0039838     0.1274339
     0.0012630     0.0044413     0.1274339
     0.0004148     0.0048703     0.1274339
    -0.0004209     0.0052711     0.1274339
    -0.0012432     0.0056445     0.1274339
    -0.0020511     0.0059922     0.1274339
    -0.0028435     0.0063153     0.1274339
    -0.0036202     0.0066141     0.1274339
    -0.0043806     0.0068885     0.1274339
    -0.0051246     0.0071383     0.1274339
    -0.0058515     0.0073637     0.1274339
    -0.0065607     0.0075651     0.1274339
    -0.0072518     0.0077428     0.1274339
    -0.0079240     0.0078976     0.1274339
    -0.0085767     0.0080307     0.1274339
    -0.0092090     0.0081433     0.1274339
    -0.0098204     0.0082365     0.1274339
    -0.0104104     0.0083106     0.1274339
    -0.0109786     0.0083648     0.1274339
    -0.0115245     0.0083984     0.1274339
    -0.0120474     0.0084108     0.1274339
    -0.0125467     0.0084017     0.1274339
    -0.0130213     0.0083720     0.1274339
    -0.0134700     0.0083241     0.1274339
    -0.0138918     0.0082602     0.1274339
    -0.0142861     0.0081817     0.1274339
    -0.0146526     0.0080850     0.1274339
    -0.0149913     0.0079668     0.1274339
    -0.0153003     0.0078288     0.1274339
    -0.0155763     0.0076756     0.1274339
    -0.0158172     0.0075114     0.1274339
    -0.0160218     0.0073396     0.1274339
    -0.0161892     0.0071636     0.1274339
    -0.0163190     0.0069873     0.1274339
    -0.0164137     0.0068138     0.1274339
    -0.0164868     0.0066159     0.1274339
    -0.0165313     0.0063885     0.1274339
    -0.0165406     0.0061362     0.1274339
    -0.0165125     0.0058637     0.1274339
    -0.0164462     0.0055748     0.1274339
    -0.0163400     0.0052738     0.1274339
    -0.0161927     0.0049661     0.1274339
    -0.0160051     0.0046538     0.1274339
    -0.0157804     0.0043373     0.1274339
    -0.0155209     0.0040169     0.1274339
    -0.0152281     0.0036929     0.1274339
    -0.0149044     0.0033654     0.1274339
    -0.0145515     0.0030350     0.1274339
    -0.0141686     0.0027033     0.1274339
    -0.0137545     0.0023721     0.1274339
    -0.0133098     0.0020413     0.1274339
    -0.0128372     0.0017092     0.1274339
    -0.0123383     0.0013744     0.1274339
    -0.0118135     0.0010368     0.1274339
    -0.0112632     0.0006960     0.1274339
    -0.0106879     0.0003518     0.1274339
    -0.0100878     0.0000040     0.1274339
    -0.0094628    -0.0003466     0.1274339
    -0.0088124    -0.0006991     0.1274339
    -0.0081364    -0.0010527     0.1274339
    -0.0074357    -0.0014087     0.1274339
    -0.0067115    -0.0017696     0.1274339
    -0.0059653    -0.0021380     0.1274339
    -0.0051976    -0.0025145     0.1274339
    -0.0044078    -0.0028983     0.1274339
    -0.0035954    -0.0032881     0.1274339
    -0.0027604    -0.0036838     0.1274339
    -0.0019028    -0.0040859     0.1274339
    -0.0010231    -0.0044949     0.1274339
    -0.0001215    -0.0049111     0.1274339
     0.0008020    -0.0053349     0.1274339
     0.0017475    -0.0057655     0.1274339
     0.0027151    -0.0062031     0.1274339
     0.0037045    -0.0066481     0.1274339
     0.0047157    -0.0071007     0.1274339
     0.0057486    -0.0075612     0.1274339
     0.0068030    -0.0080295     0.1274339
     0.0078793    -0.0085054     0.1274339
     0.0089773    -0.0089887     0.1274339
     0.0100972    -0.0094790     0.1274339
     0.0112389    -0.0099768     0.1274339
     0.0124020    -0.0104829     0.1274339
     0.0135860    -0.0109985     0.1274339
     0.0147903    -0.0115246     0.1274339
     0.0160149    -0.0120619     0.1274339
     0.0172598    -0.0126100     0.1274339
     0.0185251    -0.0131688     0.1274339
     0.0198108    -0.0137380     0.1274339
     0.0211171    -0.0143172     0.1274339
     0.0224442    -0.0149061     0.1274339
     0.0237921    -0.0155044     0.1274339
     0.0251608    -0.0161124     0.1274339
     0.0265496    -0.0167315     0.1274339
     0.0279582    -0.0173625     0.1274339
