     0.0197640    -0.0054800     0.2984934
     0.0189037    -0.0050278     0.2984934
     0.0180510    -0.0045922     0.2984934
     0.0172065    -0.0041726     0.2984934
     0.0163704    -0.0037687     0.2984934
     0.0155431    -0.0033797     0.2984934
     0.0147250    -0.0030053     0.2984934
     0.0139165    -0.0026449     0.2984934
     0.0131177    -0.0022982     0.2984934
     0.0123290    -0.0019648     0.2984934
     0.0115505    -0.0016444     0.2984934
     0.0107824    -0.0013369     0.2984934
     0.0100249    -0.0010418     0.2984934
     0.0092782    -0.0007590     0.2984934
     0.0085424    -0.0004883     0.2984934
     0.0078177    -0.0002294     0.2984934
     0.0071043     0.0000179     0.2984934
     0.0064022     0.0002538     0.2984934
     0.0057117     0.0004783     0.2984934
     0.0050328     0.0006919     0.2984934
     0.0043656     0.0008945     0.2984934
     0.0037104     0.0010863     0.2984934
     0.0030671     0.0012675     0.2984934
     0.0024359     0.0014382     0.2984934
     0.0018169     0.0015982     0.2984934
     0.0012096     0.0017458     0.2984934
     0.0006142     0.0018805     0.2984934
     0.0000309     0.0020027     0.2984934
    -0.0005401     0.0021126     0.2984934
    -0.0010986     0.0022106     0.2984934
    -0.0016443     0.0022971     0.2984934
    -0.0021770     0.0023726     0.2984934
    -0.0026966     0.0024375     0.2984934
    -0.0032028     0.0024921     0.2984934
    -0.0036954     0.0025368     0.2984934
    -0.0041742     0.0025719     0.2984934
    -0.0046392     0.0025977     0.2984934
    -0.0050900     0.0026147     0.2984934
    -0.0055266     0.0026230     0.2984934
    -0.0059488     0.0026232     0.2984934
    -0.0063565     0.0026155     0.2984934
    -0.0067494     0.0026004     0.2984934
    -0.0071274     0.0025782     0.2984934
    -0.0074905     0.0025492     0.2984934
    -0.0078384     0.0025136     0.2984934
    -0.0081710     0.0024715     0.2984934
    -0.0084880     0.0024233     0.2984934
    -0.0087893     0.0023690     0.2984934
    -0.0090747     0.0023089     0.2984934
    -0.0093439     0.0022432     0.2984934
    -0.0095966     0.0021721     0.2984934
    -0.0098325     0.0020958     0.2984934
    -0.0100512     0.0020139     0.2984934
    -0.0102520     0.0019260     0.2984934
    -0.0104339     0.0018320     0.2984934
    -0.0105959     0.0017318     0.2984934
    -0.0107360     0.0016252     0.2984934
    -0.0108517     0.0015124     0.2984934
    -0.0109397     0.0013943     0.2984934
    -0.0109966     0.0012741     0.2984934
    -0.0110226     0.0011561     0.2984934
    -0.0110189     0.0010264     0.2984934
    -0.0109781     0.0008888     0.2984934
    -0.0108995     0.0007526     0.2984934
    -0.0107884     0.0006228     0.2984934
    -0.0106501     0.0005001     0.2984934
    -0.0104885     0.0003841     0.2984934
    -0.0103061     0.0002738     0.2984934
    -0.0101045     0.0001685     0.2984934
    -0.0098849     0.0000674     0.2984934
    -0.0096481    -0.0000302     0.2984934
    -0.0093948    -0.0001248     0.2984934
    -0.0091254    -0.0002167     0.2984934
    -0.0088403    -0.0003065     0.2984934
    -0.0085397    -0.0003941     0.2984934
    -0.0082238    -0.0004798     0.2984934
    -0.0078927    -0.0005637     0.2984934
    -0.0075465    -0.0006463     0.2984934
    -0.0071856    -0.0007278     0.2984934
    -0.0068100    -0.0008085     0.2984934
    -0.0064197    -0.0008885     0.2984934
    -0.0060149    -0.0009683     0.2984934
    -0.0055957    -0.0010478     0.2984934
    -0.0051620    -0.0011273     0.2984934
    -0.0047140    -0.0012071     0.2984934
    -0.0042516    -0.0012871     0.2984934
    -0.0037751    -0.0013679     0.2984934
    -0.0032843    -0.0014499     0.2984934
    -0.0027795    -0.0015334     0.2984934
    -0.0022606    -0.0016188     0.2984934
    -0.0017278    -0.0017064     0.2984934
    -0.0011810    -0.0017965     0.2984934
    -0.0006204    -0.0018892     0.2984934
    -0.0000459    -0.0019851     0.2984934
     0.0005423    -0.0020846     0.2984934
     0.0011442    -0.0021879     0.2984934
     0.0017599    -0.0022943     0.2984934
     0.0023897    -0.0024022     0.2984934
     0.0030336    -0.0025118     0.2984934
     0.0036914    -0.0026232     0.2984934
     0.0043633    -0.0027368     0.2984934
     0.0050491    -0.0028528     0.2984934
     0.0057488    -0.0029713     0.2984934
     0.0064623    -0.0030925     0.2984934
     0.0071897    -0.0032167     0.2984934
     0.0079309    -0.0033439     0.2984934
     0.0086859    -0.0034746     0.2984934
     0.0094546    -0.0036088     0.2984934
     0.0102369    -0.0037468     0.2984934
     0.0110329    -0.0038890     0.2984934
     0.0118425    -0.0040354     0.2984934
     0.0126656    -0.0041863     0.2984934
     0.0135023    -0.0043416     0.2984934
     0.0143525    -0.0045016     0.2984934
     0.0152162    -0.0046662     0.2984934
     0.0160934    -0.0048354     0.2984934
     0.0169840    -0.0050093     0.2984934
     0.0178882    -0.0051878     0.2984934
     0.0188058    -0.0053710     0.2984934
     0.0197370    -0.0055587     0.2984934
