
 ===========================================================================
 Free Tip Potential Formulation Solution:  Arbitrary blade                 
                                                  Wake adv. ratio:    0.12058
 no. blades :  2            radius(m)  :   0.3175     adv. ratio:     0.01504
 thrust(N)  :   30.4        power(W)   :   271.       torque(N-m):   1.29    
 Efficiency :  0.1120       speed(m/s) :    1.000     rpm        :   2000.000
 Eff induced:  0.1247       Eff ideal  :   0.1477     Tcoef      :   156.3727
 Tnacel(N)  :    -0.0000    hub rad.(m):   0.0324     disp. rad. :    0.0324
 Tvisc(N)   :    -0.1169    Pvisc(W)   :   26.8    
 rho(kg/m3) :   1.22600     Vsound(m/s):  340.000     mu(kg/m-s) : 0.1780E-04
 ---------------------------------------------------------------------------
Helicopter:  Sigma:    0.12829  CTh/s:    0.13783  FOM:    0.70010
                Ct:    0.13706     Cp:    0.05783    J:    0.04724
                Tc:  156.37274     Pc: 1396.56592  adv:    0.01504

  i  r/R   c/R  beta(deg)  CL     Cd    REx10^3 Mach   effi  effp  na.u/U
  1 0.108 0.0913  21.53  1.513 s 0.0773  16.41  0.024 12.723 0.176   0.000
  2 0.130 0.1038  26.94  1.513 s 0.0782  20.04  0.026  1.194 0.649   0.000
  3 0.166 0.1138  34.61  1.524 s 0.1508  27.04  0.032  0.726 0.551   0.000
  4 0.208 0.1254  40.87  1.533 s 0.2501  36.93  0.040  0.510 0.454   0.000
  5 0.254 0.1390  42.72  1.534 s 0.2555  49.53  0.048  0.354 0.487   0.000
  6 0.300 0.1491  39.85  1.528 s 0.1792  62.96  0.057  0.280 0.591   0.000
  7 0.347 0.1555  35.50  1.521 s 0.1116  76.34  0.066  0.252 0.692   0.000
  8 0.394 0.1674  31.68  1.512 s 0.0491  93.23  0.075  0.189 0.856   0.000
  9 0.440 0.1785  28.56  1.486   0.0231 111.31  0.084  0.144 0.935   0.000
 10 0.485 0.1867  26.03  1.402   0.0195 128.92  0.093  0.135 0.940   0.000
 11 0.530 0.1932  23.96  1.302   0.0177 146.00  0.102  0.133 0.937   0.000
 12 0.572 0.1974  22.22  1.212   0.0164 161.65  0.110  0.133 0.934   0.000
 13 0.614 0.1998  20.72  1.134   0.0154 175.88  0.118  0.133 0.929   0.000
 14 0.654 0.2016  19.46  1.066   0.0146 189.34  0.126  0.133 0.924   0.000
 15 0.692 0.2020  18.50  1.011   0.0140 201.09  0.134  0.132 0.920   0.000
 16 0.729 0.2017  17.74  0.965   0.0136 211.51  0.141  0.130 0.917   0.000
 17 0.763 0.2015  17.13  0.922   0.0132 221.57  0.148  0.127 0.914   0.000
 18 0.796 0.2019  16.63  0.879   0.0128 231.64  0.154  0.123 0.911   0.000
 19 0.826 0.2023  16.18  0.836   0.0125 241.00  0.160  0.120 0.909   0.000
 20 0.854 0.2026  15.81  0.791   0.0122 249.72  0.166  0.115 0.906   0.000
 21 0.880 0.2030  15.54  0.745   0.0120 257.93  0.171  0.110 0.904   0.000
 22 0.903 0.2029  15.32  0.695   0.0118 264.92  0.176  0.104 0.902   0.000
 23 0.924 0.2021  15.10  0.643   0.0116 270.16  0.180  0.099 0.898   0.000
 24 0.943 0.2010  14.89  0.585   0.0115 274.12  0.183  0.094 0.893   0.000
 25 0.959 0.1999  14.71  0.519   0.0114 277.47  0.187  0.088 0.886   0.000
 26 0.972 0.1991  14.57  0.445   0.0114 280.49  0.189  0.083 0.876   0.000
 27 0.983 0.1986  14.46  0.364   0.0114 283.14  0.192  0.077 0.858   0.000
 28 0.991 0.1983  14.38  0.276   0.0115 285.35  0.194  0.072 0.828   0.000
 29 0.997 0.1981  14.32  0.185   0.0116 287.03  0.195  0.067 0.771   0.000
 30 0.999 0.1980  14.27  0.109   0.0118 288.03  0.196  0.064 0.670   0.000
