
 ===========================================================================
 Free Tip Potential Formulation Solution:  Arbitrary blade                 
                                                  Wake adv. ratio:    0.09459
 no. blades :  2            radius(m)  :   0.3175     adv. ratio:     0.01203
 thrust(N)  :   32.6        power(W)   :   290.       torque(N-m):   1.11    
 Efficiency :  0.1126       speed(m/s) :    1.000     rpm        :   2500.000
 Eff induced:  0.1272       Eff ideal  :   0.1428     Tcoef      :   168.0943
 Tnacel(N)  :     0.0000    hub rad.(m):   0.0324     disp. rad. :    0.0324
 Tvisc(N)   :    -0.1173    Pvisc(W)   :   32.3    
 rho(kg/m3) :   1.22600     Vsound(m/s):  340.000     mu(kg/m-s) : 0.1780E-04
 ---------------------------------------------------------------------------
Helicopter:  Sigma:    0.06618  CTh/s:    0.18381  FOM:    0.73004
                Ct:    0.09429     Cp:    0.03165    J:    0.03780
                Tc:  168.09431     Pc: 1492.66431  adv:    0.01203

  i  r/R   c/R  beta(deg)  CL     Cd    REx10^3 Mach   effi  effp  na.u/U
  1 0.108 0.0913  21.53  1.514 s 0.0799  19.72  0.029 ******-0.011   0.000
  2 0.130 0.1038  26.94  1.512 s 0.0695  24.43  0.032  0.859 0.697   0.000
  3 0.166 0.1138  34.61  1.522 s 0.1292  33.34  0.039  0.497 0.624   0.000
  4 0.208 0.1254  40.87  1.531 s 0.2126  45.88  0.049  0.339 0.538   0.000
  5 0.254 0.1390  42.72  1.531 s 0.2084  61.88  0.060  0.232 0.583   0.000
  6 0.300 0.1491  39.85  1.524 s 0.1329  78.90  0.071  0.178 0.706   0.000
  7 0.347 0.1557  35.50  1.515 s 0.0642  95.81  0.083  0.144 0.841   0.000
  8 0.394 0.1589  31.68  1.505 s 0.0297 111.46  0.094  0.119 0.924   0.000
  9 0.440 0.1585  28.56  1.467   0.0210 124.76  0.106  0.108 0.943   0.000
 10 0.485 0.1554  26.03  1.402   0.0191 135.27  0.117  0.108 0.941   0.000
 11 0.530 0.1508  23.96  1.332   0.0180 143.49  0.128  0.109 0.936   0.000
 12 0.572 0.1442  22.22  1.273   0.0173 148.58  0.139  0.112 0.930   0.000
 13 0.614 0.1363  20.72  1.227   0.0169 150.77  0.149  0.116 0.922   0.000
 14 0.654 0.1281  19.46  1.189   0.0167 151.10  0.159  0.120 0.914   0.000
 15 0.692 0.1190  18.50  1.167   0.0166 148.63  0.168  0.124 0.906   0.000
 16 0.729 0.1095  17.74  1.158   0.0168 144.08  0.177  0.129 0.897   0.000
 17 0.763 0.1007  17.13  1.153   0.0170 138.90  0.185  0.133 0.888   0.000
 18 0.796 0.0930  16.63  1.146   0.0172 133.78  0.193  0.136 0.880   0.000
 19 0.826 0.0857  16.18  1.140   0.0175 128.06  0.201  0.139 0.871   0.000
 20 0.854 0.0790  15.81  1.135   0.0178 122.07  0.208  0.142 0.862   0.000
 21 0.880 0.0729  15.54  1.126   0.0181 116.17  0.214  0.142 0.855   0.000
 22 0.903 0.0670  15.32  1.116   0.0185 109.61  0.220  0.142 0.849   0.000
 23 0.924 0.0609  15.10  1.107   0.0190 101.93  0.225  0.142 0.841   0.000
 24 0.943 0.0551  14.89  1.092   0.0195  94.08  0.230  0.141 0.834   0.000
 25 0.959 0.0502  14.71  1.056   0.0198  87.26  0.234  0.134 0.831   0.000
 26 0.972 0.0465  14.57  0.989   0.0199  81.88  0.237  0.122 0.833   0.000
 27 0.983 0.0437  14.46  0.883   0.0198  77.76  0.240  0.105 0.836   0.000
 28 0.991 0.0415  14.38  0.731   0.0196  74.65  0.242  0.087 0.835   0.000
 29 0.997 0.0399  14.32  0.532   0.0195  72.26  0.243  0.071 0.817   0.000
 30 0.999 0.0386  14.27  0.328   0.0199  70.27  0.245  0.060 0.759   0.000
