T-Motor 29

r/R			chord [mm]
0.21977716727716728 61.2820512820513 15.481872169645037
0.30086996336996336 73.0769230769231 16.01486021097161
0.3837271062271063 73.0769230769231   13.699324782384686
0.46750610500610507 70.51282051282053  11.444396236136345
0.54840354090354 65.89743589743591  9.856278981478972
0.6321428571428573 60.000000000000014  8.934701846679502
0.7139652014652016 53.07692307692308   8.194945358895787
0.7967429792429792 46.41025641025642  7.636602760528241
0.8785592185592186 38.97435897435898  6.230306152886627
0.9622496947496948 28.974358974358978 6.157496542560402
