     0.0248732    -0.0084326     0.1970664
     0.0238165    -0.0077576     0.1970664
     0.0227670    -0.0071060     0.1970664
     0.0217252    -0.0064771     0.1970664
     0.0206919    -0.0058704     0.1970664
     0.0196675    -0.0052852     0.1970664
     0.0186530    -0.0047205     0.1970664
     0.0176488    -0.0041755     0.1970664
     0.0166556    -0.0036495     0.1970664
     0.0156737    -0.0031422     0.1970664
     0.0147033    -0.0026534     0.1970664
     0.0137446    -0.0021827     0.1970664
     0.0127980    -0.0017300     0.1970664
     0.0118636    -0.0012949     0.1970664
     0.0109418    -0.0008771     0.1970664
     0.0100328    -0.0004763     0.1970664
     0.0091368    -0.0000923     0.1970664
     0.0082541     0.0002752     0.1970664
     0.0073849     0.0006264     0.1970664
     0.0065293     0.0009616     0.1970664
     0.0056877     0.0012810     0.1970664
     0.0048600     0.0015844     0.1970664
     0.0040464     0.0018719     0.1970664
     0.0032470     0.0021436     0.1970664
     0.0024618     0.0023991     0.1970664
     0.0016906     0.0026367     0.1970664
     0.0009333     0.0028559     0.1970664
     0.0001904     0.0030568     0.1970664
    -0.0005379     0.0032396     0.1970664
    -0.0012512     0.0034047     0.1970664
    -0.0019492     0.0035527     0.1970664
    -0.0026313     0.0036845     0.1970664
    -0.0032973     0.0038011     0.1970664
    -0.0039467     0.0039026     0.1970664
    -0.0045794     0.0039893     0.1970664
    -0.0051951     0.0040614     0.1970664
    -0.0057935     0.0041194     0.1970664
    -0.0063742     0.0041635     0.1970664
    -0.0069370     0.0041941     0.1970664
    -0.0074816     0.0042120     0.1970664
    -0.0080077     0.0042177     0.1970664
    -0.0085149     0.0042120     0.1970664
    -0.0090032     0.0041957     0.1970664
    -0.0094722     0.0041690     0.1970664
    -0.0099215     0.0041318     0.1970664
    -0.0103509     0.0040840     0.1970664
    -0.0107599     0.0040258     0.1970664
    -0.0111481     0.0039569     0.1970664
    -0.0115150     0.0038782     0.1970664
    -0.0118603     0.0037905     0.1970664
    -0.0121836     0.0036950     0.1970664
    -0.0124844     0.0035921     0.1970664
    -0.0127622     0.0034805     0.1970664
    -0.0130163     0.0033586     0.1970664
    -0.0132453     0.0032271     0.1970664
    -0.0134478     0.0030878     0.1970664
    -0.0136220     0.0029420     0.1970664
    -0.0137660     0.0027911     0.1970664
    -0.0138774     0.0026367     0.1970664
    -0.0139537     0.0024825     0.1970664
    -0.0139960     0.0023322     0.1970664
    -0.0140083     0.0021657     0.1970664
    -0.0139825     0.0019842     0.1970664
    -0.0139155     0.0017963     0.1970664
    -0.0138107     0.0016076     0.1970664
    -0.0136717     0.0014201     0.1970664
    -0.0135012     0.0012354     0.1970664
    -0.0133010     0.0010548     0.1970664
    -0.0130725     0.0008787     0.1970664
    -0.0128180     0.0007062     0.1970664
    -0.0125388     0.0005368     0.1970664
    -0.0122359     0.0003704     0.1970664
    -0.0119106     0.0002064     0.1970664
    -0.0115637     0.0000446     0.1970664
    -0.0111952    -0.0001144     0.1970664
    -0.0108049    -0.0002700     0.1970664
    -0.0103933    -0.0004224     0.1970664
    -0.0099611    -0.0005727     0.1970664
    -0.0095091    -0.0007217     0.1970664
    -0.0090375    -0.0008697     0.1970664
    -0.0085464    -0.0010170     0.1970664
    -0.0080360    -0.0011638     0.1970664
    -0.0075065    -0.0013103     0.1970664
    -0.0069579    -0.0014564     0.1970664
    -0.0063902    -0.0016019     0.1970664
    -0.0058034    -0.0017466     0.1970664
    -0.0051978    -0.0018913     0.1970664
    -0.0045736    -0.0020371     0.1970664
    -0.0039313    -0.0021856     0.1970664
    -0.0032711    -0.0023371     0.1970664
    -0.0025928    -0.0024914     0.1970664
    -0.0018964    -0.0026484     0.1970664
    -0.0011819    -0.0028081     0.1970664
    -0.0004495    -0.0029711     0.1970664
     0.0003007    -0.0031377     0.1970664
     0.0010687    -0.0033085     0.1970664
     0.0018545    -0.0034829     0.1970664
     0.0026584    -0.0036596     0.1970664
     0.0034804    -0.0038386     0.1970664
     0.0043204    -0.0040205     0.1970664
     0.0051784    -0.0042053     0.1970664
     0.0060543    -0.0043934     0.1970664
     0.0069481    -0.0045849     0.1970664
     0.0078597    -0.0047798     0.1970664
     0.0087892    -0.0049781     0.1970664
     0.0097365    -0.0051800     0.1970664
     0.0107015    -0.0053856     0.1970664
     0.0116842    -0.0055956     0.1970664
     0.0126844    -0.0058105     0.1970664
     0.0137021    -0.0060309     0.1970664
     0.0147370    -0.0062571     0.1970664
     0.0157893    -0.0064891     0.1970664
     0.0168589    -0.0067271     0.1970664
     0.0179459    -0.0069707     0.1970664
     0.0190501    -0.0072202     0.1970664
     0.0201717    -0.0074751     0.1970664
     0.0213106    -0.0077355     0.1970664
     0.0224668    -0.0080015     0.1970664
     0.0236403    -0.0082736     0.1970664
     0.0248310    -0.0085520     0.1970664
