     0.0268381    -0.0138653     0.1311995
     0.0257704    -0.0128782     0.1311995
     0.0247049    -0.0119206     0.1311995
     0.0236426    -0.0109918     0.1311995
     0.0225842    -0.0100915     0.1311995
     0.0215307    -0.0092187     0.1311995
     0.0204835    -0.0083722     0.1311995
     0.0194437    -0.0075510     0.1311995
     0.0184123    -0.0067541     0.1311995
     0.0173898    -0.0059814     0.1311995
     0.0163763    -0.0052327     0.1311995
     0.0153721    -0.0045078     0.1311995
     0.0143775    -0.0038066     0.1311995
     0.0133929    -0.0031288     0.1311995
     0.0124188    -0.0024740     0.1311995
     0.0114556    -0.0018420     0.1311995
     0.0105035    -0.0012324     0.1311995
     0.0095631    -0.0006450     0.1311995
     0.0086344    -0.0000795     0.1311995
     0.0077181     0.0004643     0.1311995
     0.0068141     0.0009865     0.1311995
     0.0059226     0.0014869     0.1311995
     0.0050435     0.0019652     0.1311995
     0.0041770     0.0024213     0.1311995
     0.0033231     0.0028548     0.1311995
     0.0024813     0.0032644     0.1311995
     0.0016519     0.0036494     0.1311995
     0.0008352     0.0040096     0.1311995
     0.0000316     0.0043450     0.1311995
    -0.0007586     0.0046558     0.1311995
    -0.0015346     0.0049428     0.1311995
    -0.0022956     0.0052076     0.1311995
    -0.0030409     0.0054512     0.1311995
    -0.0037700     0.0056738     0.1311995
    -0.0044826     0.0058754     0.1311995
    -0.0051785     0.0060561     0.1311995
    -0.0058572     0.0062160     0.1311995
    -0.0065181     0.0063554     0.1311995
    -0.0071607     0.0064749     0.1311995
    -0.0077847     0.0065750     0.1311995
    -0.0083893     0.0066569     0.1311995
    -0.0089741     0.0067216     0.1311995
    -0.0095386     0.0067702     0.1311995
    -0.0100823     0.0068028     0.1311995
    -0.0106049     0.0068190     0.1311995
    -0.0111058     0.0068183     0.1311995
    -0.0115845     0.0068001     0.1311995
    -0.0120404     0.0067643     0.1311995
    -0.0124726     0.0067118     0.1311995
    -0.0128803     0.0066446     0.1311995
    -0.0132626     0.0065646     0.1311995
    -0.0136191     0.0064728     0.1311995
    -0.0139494     0.0063665     0.1311995
    -0.0142532     0.0062429     0.1311995
    -0.0145287     0.0061031     0.1311995
    -0.0147735     0.0059514     0.1311995
    -0.0149858     0.0057910     0.1311995
    -0.0151644     0.0056248     0.1311995
    -0.0153082     0.0054557     0.1311995
    -0.0154164     0.0052871     0.1311995
    -0.0154913     0.0051222     0.1311995
    -0.0155427     0.0049359     0.1311995
    -0.0155636     0.0047248     0.1311995
    -0.0155480     0.0044944     0.1311995
    -0.0154955     0.0042498     0.1311995
    -0.0154062     0.0039943     0.1311995
    -0.0152799     0.0037317     0.1311995
    -0.0151162     0.0034662     0.1311995
    -0.0149161     0.0031996     0.1311995
    -0.0146826     0.0029319     0.1311995
    -0.0144176     0.0026629     0.1311995
    -0.0141226     0.0023931     0.1311995
    -0.0137995     0.0021221     0.1311995
    -0.0134500     0.0018503     0.1311995
    -0.0130734     0.0015790     0.1311995
    -0.0126689     0.0013098     0.1311995
    -0.0122370     0.0010425     0.1311995
    -0.0117799     0.0007756     0.1311995
    -0.0112988     0.0005077     0.1311995
    -0.0107941     0.0002386     0.1311995
    -0.0102661    -0.0000318     0.1311995
    -0.0097152    -0.0003040     0.1311995
    -0.0091417    -0.0005781     0.1311995
    -0.0085453    -0.0008535     0.1311995
    -0.0079258    -0.0011294     0.1311995
    -0.0072832    -0.0014053     0.1311995
    -0.0066181    -0.0016822     0.1311995
    -0.0059313    -0.0019623     0.1311995
    -0.0052240    -0.0022479     0.1311995
    -0.0044965    -0.0025397     0.1311995
    -0.0037485    -0.0028369     0.1311995
    -0.0029795    -0.0031385     0.1311995
    -0.0021896    -0.0034445     0.1311995
    -0.0013789    -0.0037552     0.1311995
    -0.0005477    -0.0040713     0.1311995
     0.0003038    -0.0043931     0.1311995
     0.0011757    -0.0047206     0.1311995
     0.0020682    -0.0050531     0.1311995
     0.0029811    -0.0053908     0.1311995
     0.0039146    -0.0057339     0.1311995
     0.0048683    -0.0060827     0.1311995
     0.0058423    -0.0064375     0.1311995
     0.0068365    -0.0067982     0.1311995
     0.0078510    -0.0071648     0.1311995
     0.0088858    -0.0075369     0.1311995
     0.0099409    -0.0079145     0.1311995
     0.0110163    -0.0082978     0.1311995
     0.0121117    -0.0086877     0.1311995
     0.0132266    -0.0090851     0.1311995
     0.0143609    -0.0094910     0.1311995
     0.0155144    -0.0099059     0.1311995
     0.0166870    -0.0103296     0.1311995
     0.0178788    -0.0107619     0.1311995
     0.0190899    -0.0112026     0.1311995
     0.0203204    -0.0116515     0.1311995
     0.0215704    -0.0121083     0.1311995
     0.0228399    -0.0125726     0.1311995
     0.0241289    -0.0130447     0.1311995
     0.0254369    -0.0135259     0.1311995
     0.0267638    -0.0140168     0.1311995
