     0.0219373    -0.0066116     0.2299999
     0.0209918    -0.0060698     0.2299999
     0.0200538    -0.0055475     0.2299999
     0.0191239    -0.0050441     0.2299999
     0.0182025    -0.0045591     0.2299999
     0.0172901    -0.0040917     0.2299999
     0.0163873    -0.0036414     0.2299999
     0.0154944    -0.0032074     0.2299999
     0.0146118    -0.0027894     0.2299999
     0.0137399    -0.0023869     0.2299999
     0.0128788    -0.0019997     0.2299999
     0.0120288    -0.0016274     0.2299999
     0.0111900    -0.0012700     0.2299999
     0.0103628    -0.0009270     0.2299999
     0.0095472    -0.0005983     0.2299999
     0.0087435    -0.0002835     0.2299999
     0.0079518     0.0000175     0.2299999
     0.0071724     0.0003050     0.2299999
     0.0064054     0.0005792     0.2299999
     0.0056510     0.0008402     0.2299999
     0.0049094     0.0010884     0.2299999
     0.0041805     0.0013236     0.2299999
     0.0034645     0.0015459     0.2299999
     0.0027617     0.0017556     0.2299999
     0.0020719     0.0019524     0.2299999
     0.0013949     0.0021345     0.2299999
     0.0007307     0.0023014     0.2299999
     0.0000796     0.0024534     0.2299999
    -0.0005581     0.0025907     0.2299999
    -0.0011822     0.0027137     0.2299999
    -0.0017923     0.0028229     0.2299999
    -0.0023882     0.0029190     0.2299999
    -0.0029696     0.0030026     0.2299999
    -0.0035362     0.0030740     0.2299999
    -0.0040878     0.0031334     0.2299999
    -0.0046243     0.0031813     0.2299999
    -0.0051453     0.0032178     0.2299999
    -0.0056507     0.0032434     0.2299999
    -0.0061402     0.0032585     0.2299999
    -0.0066136     0.0032635     0.2299999
    -0.0070708     0.0032590     0.2299999
    -0.0075114     0.0032454     0.2299999
    -0.0079354     0.0032233     0.2299999
    -0.0083426     0.0031930     0.2299999
    -0.0087326     0.0031545     0.2299999
    -0.0091053     0.0031080     0.2299999
    -0.0094604     0.0030535     0.2299999
    -0.0097975     0.0029912     0.2299999
    -0.0101164     0.0029213     0.2299999
    -0.0104168     0.0028446     0.2299999
    -0.0106983     0.0027616     0.2299999
    -0.0109606     0.0026726     0.2299999
    -0.0112032     0.0025768     0.2299999
    -0.0114253     0.0024733     0.2299999
    -0.0116260     0.0023623     0.2299999
    -0.0118039     0.0022446     0.2299999
    -0.0119572     0.0021207     0.2299999
    -0.0120838     0.0019912     0.2299999
    -0.0121806     0.0018574     0.2299999
    -0.0122449     0.0017226     0.2299999
    -0.0122770     0.0015910     0.2299999
    -0.0122794     0.0014457     0.2299999
    -0.0122445     0.0012896     0.2299999
    -0.0121703     0.0011317     0.2299999
    -0.0120613     0.0009771     0.2299999
    -0.0119222     0.0008272     0.2299999
    -0.0117564     0.0006824     0.2299999
    -0.0115659     0.0005428     0.2299999
    -0.0113524     0.0004081     0.2299999
    -0.0111175     0.0002775     0.2299999
    -0.0108622     0.0001504     0.2299999
    -0.0105874     0.0000264     0.2299999
    -0.0102939    -0.0000950     0.2299999
    -0.0099822    -0.0002140     0.2299999
    -0.0096524    -0.0003305     0.2299999
    -0.0093046    -0.0004443     0.2299999
    -0.0089390    -0.0005556     0.2299999
    -0.0085561    -0.0006651     0.2299999
    -0.0081563    -0.0007733     0.2299999
    -0.0077397    -0.0008805     0.2299999
    -0.0073065    -0.0009870     0.2299999
    -0.0068568    -0.0010929     0.2299999
    -0.0063906    -0.0011985     0.2299999
    -0.0059081    -0.0013039     0.2299999
    -0.0054093    -0.0014089     0.2299999
    -0.0048941    -0.0015138     0.2299999
    -0.0043628    -0.0016189     0.2299999
    -0.0038155    -0.0017250     0.2299999
    -0.0032524    -0.0018331     0.2299999
    -0.0026736    -0.0019434     0.2299999
    -0.0020792    -0.0020562     0.2299999
    -0.0014691    -0.0021713     0.2299999
    -0.0008433    -0.0022891     0.2299999
    -0.0002020    -0.0024099     0.2299999
     0.0004548    -0.0025342     0.2299999
     0.0011270    -0.0026624     0.2299999
     0.0018146    -0.0027938     0.2299999
     0.0025180    -0.0029269     0.2299999
     0.0032372    -0.0030619     0.2299999
     0.0039721    -0.0031991     0.2299999
     0.0047227    -0.0033387     0.2299999
     0.0054888    -0.0034809     0.2299999
     0.0062706    -0.0036260     0.2299999
     0.0070678    -0.0037739     0.2299999
     0.0078806    -0.0039249     0.2299999
     0.0087089    -0.0040791     0.2299999
     0.0095527    -0.0042367     0.2299999
     0.0104118    -0.0043981     0.2299999
     0.0112861    -0.0045637     0.2299999
     0.0121758    -0.0047339     0.2299999
     0.0130806    -0.0049089     0.2299999
     0.0140006    -0.0050889     0.2299999
     0.0149357    -0.0052739     0.2299999
     0.0158859    -0.0054638     0.2299999
     0.0168513    -0.0056588     0.2299999
     0.0178317    -0.0058586     0.2299999
     0.0188273    -0.0060634     0.2299999
     0.0198380    -0.0062730     0.2299999
     0.0208638    -0.0064878     0.2299999
     0.0219046    -0.0067079     0.2299999
