     0.0229828    -0.0168049     0.0982661
     0.0221426    -0.0157145     0.0982661
     0.0212995    -0.0146526     0.0982661
     0.0204541    -0.0136185     0.0982661
     0.0196072    -0.0126121     0.0982661
     0.0187600    -0.0116328     0.0982661
     0.0179141    -0.0106794     0.0982661
     0.0170710    -0.0097510     0.0982661
     0.0162317    -0.0088469     0.0982661
     0.0153967    -0.0079669     0.0982661
     0.0145662    -0.0071110     0.0982661
     0.0137403    -0.0062791     0.0982661
     0.0129195    -0.0054712     0.0982661
     0.0121040    -0.0046870     0.0982661
     0.0112945    -0.0039262     0.0982661
     0.0104914    -0.0031887     0.0982661
     0.0096950    -0.0024742     0.0982661
     0.0089057    -0.0017825     0.0982661
     0.0081240    -0.0011134     0.0982661
     0.0073501    -0.0004668     0.0982661
     0.0065843     0.0001575     0.0982661
     0.0058264     0.0007591     0.0982661
     0.0050765     0.0013375     0.0982661
     0.0043345     0.0018928     0.0982661
     0.0036004     0.0024245     0.0982661
     0.0028739     0.0029316     0.0982661
     0.0021550     0.0034134     0.0982661
     0.0014440     0.0038696     0.0982661
     0.0007412     0.0043001     0.0982661
     0.0000471     0.0047048     0.0982661
    -0.0006377     0.0050847     0.0982661
    -0.0013118     0.0054411     0.0982661
    -0.0019745     0.0057751     0.0982661
    -0.0026252     0.0060867     0.0982661
    -0.0032638     0.0063757     0.0982661
    -0.0038900     0.0066421     0.0982661
    -0.0045032     0.0068859     0.0982661
    -0.0051029     0.0071073     0.0982661
    -0.0056887     0.0073066     0.0982661
    -0.0062598     0.0074845     0.0982661
    -0.0068155     0.0076420     0.0982661
    -0.0073551     0.0077801     0.0982661
    -0.0078779     0.0078998     0.0982661
    -0.0083835     0.0080014     0.0982661
    -0.0088716     0.0080839     0.0982661
    -0.0093418     0.0081467     0.0982661
    -0.0097935     0.0081892     0.0982661
    -0.0102262     0.0082109     0.0982661
    -0.0106389     0.0082127     0.0982661
    -0.0110301     0.0081967     0.0982661
    -0.0113990     0.0081650     0.0982661
    -0.0117447     0.0081186     0.0982661
    -0.0120674     0.0080545     0.0982661
    -0.0123675     0.0079696     0.0982661
    -0.0126430     0.0078651     0.0982661
    -0.0128906     0.0077455     0.0982661
    -0.0131083     0.0076147     0.0982661
    -0.0132949     0.0074761     0.0982661
    -0.0134499     0.0073328     0.0982661
    -0.0135733     0.0071883     0.0982661
    -0.0136675     0.0070450     0.0982661
    -0.0137464     0.0068801     0.0982661
    -0.0138053     0.0066877     0.0982661
    -0.0138378     0.0064706     0.0982661
    -0.0138412     0.0062321     0.0982661
    -0.0138135     0.0059753     0.0982661
    -0.0137523     0.0057042     0.0982661
    -0.0136555     0.0054237     0.0982661
    -0.0135236     0.0051360     0.0982661
    -0.0133592     0.0048417     0.0982661
    -0.0131644     0.0045413     0.0982661
    -0.0129406     0.0042354     0.0982661
    -0.0126899     0.0039243     0.0982661
    -0.0124139     0.0036086     0.0982661
    -0.0121115     0.0032898     0.0982661
    -0.0117815     0.0029696     0.0982661
    -0.0114245     0.0026481     0.0982661
    -0.0110430     0.0023237     0.0982661
    -0.0106387     0.0019953     0.0982661
    -0.0102121     0.0016628     0.0982661
    -0.0097634     0.0013261     0.0982661
    -0.0092931     0.0009848     0.0982661
    -0.0088015     0.0006390     0.0982661
    -0.0082883     0.0002892     0.0982661
    -0.0077529    -0.0000634     0.0982661
    -0.0071952    -0.0004184     0.0982661
    -0.0066160    -0.0007767     0.0982661
    -0.0060166    -0.0011406     0.0982661
    -0.0053987    -0.0015123     0.0982661
    -0.0047627    -0.0018926     0.0982661
    -0.0041081    -0.0022804     0.0982661
    -0.0034341    -0.0026746     0.0982661
    -0.0027407    -0.0030752     0.0982661
    -0.0020281    -0.0034824     0.0982661
    -0.0012966    -0.0038966     0.0982661
    -0.0005464    -0.0043183     0.0982661
     0.0002223    -0.0047477     0.0982661
     0.0010096    -0.0051843     0.0982661
     0.0018156    -0.0056284     0.0982661
     0.0026400    -0.0060803     0.0982661
     0.0034828    -0.0065400     0.0982661
     0.0043439    -0.0070079     0.0982661
     0.0052232    -0.0074839     0.0982661
     0.0061208    -0.0079677     0.0982661
     0.0070370    -0.0084591     0.0982661
     0.0079718    -0.0089578     0.0982661
     0.0089250    -0.0094640     0.0982661
     0.0098963    -0.0099787     0.0982661
     0.0108851    -0.0105028     0.0982661
     0.0118909    -0.0110372     0.0982661
     0.0129135    -0.0115825     0.0982661
     0.0139529    -0.0121385     0.0982661
     0.0150094    -0.0127048     0.0982661
     0.0160829    -0.0132814     0.0982661
     0.0171737    -0.0138677     0.0982661
     0.0182819    -0.0144636     0.0982661
     0.0194076    -0.0150687     0.0982661
     0.0205509    -0.0156832     0.0982661
     0.0217108    -0.0163086     0.0982661
     0.0228871    -0.0169456     0.0982661
