     0.0184544    -0.0051126     0.2629333
     0.0176510    -0.0046906     0.2629333
     0.0168549    -0.0042840     0.2629333
     0.0160662    -0.0038925     0.2629333
     0.0152855    -0.0035155     0.2629333
     0.0145130    -0.0031525     0.2629333
     0.0137491    -0.0028030     0.2629333
     0.0129941    -0.0024667     0.2629333
     0.0122482    -0.0021431     0.2629333
     0.0115118    -0.0018320     0.2629333
     0.0107848    -0.0015331     0.2629333
     0.0100676    -0.0012460     0.2629333
     0.0093603    -0.0009707     0.2629333
     0.0086630    -0.0007069     0.2629333
     0.0079760    -0.0004542     0.2629333
     0.0072993    -0.0002126     0.2629333
     0.0066331     0.0000181     0.2629333
     0.0059776     0.0002382     0.2629333
     0.0053328     0.0004478     0.2629333
     0.0046989     0.0006470     0.2629333
     0.0040759     0.0008361     0.2629333
     0.0034641     0.0010150     0.2629333
     0.0028634     0.0011840     0.2629333
     0.0022741     0.0013433     0.2629333
     0.0016961     0.0014926     0.2629333
     0.0011291     0.0016303     0.2629333
     0.0005731     0.0017560     0.2629333
     0.0000285     0.0018699     0.2629333
    -0.0005047     0.0019724     0.2629333
    -0.0010262     0.0020638     0.2629333
    -0.0015357     0.0021445     0.2629333
    -0.0020331     0.0022148     0.2629333
    -0.0025182     0.0022753     0.2629333
    -0.0029909     0.0023262     0.2629333
    -0.0034508     0.0023678     0.2629333
    -0.0038979     0.0024005     0.2629333
    -0.0043320     0.0024245     0.2629333
    -0.0047530     0.0024402     0.2629333
    -0.0051607     0.0024479     0.2629333
    -0.0055548     0.0024480     0.2629333
    -0.0059354     0.0024407     0.2629333
    -0.0063023     0.0024266     0.2629333
    -0.0066553     0.0024058     0.2629333
    -0.0069943     0.0023786     0.2629333
    -0.0073191     0.0023453     0.2629333
    -0.0076296     0.0023060     0.2629333
    -0.0079256     0.0022609     0.2629333
    -0.0082069     0.0022101     0.2629333
    -0.0084733     0.0021540     0.2629333
    -0.0087247     0.0020926     0.2629333
    -0.0089606     0.0020262     0.2629333
    -0.0091809     0.0019548     0.2629333
    -0.0093850     0.0018783     0.2629333
    -0.0095725     0.0017962     0.2629333
    -0.0097424     0.0017084     0.2629333
    -0.0098935     0.0016148     0.2629333
    -0.0100243     0.0015153     0.2629333
    -0.0101323     0.0014099     0.2629333
    -0.0102145     0.0012996     0.2629333
    -0.0102676     0.0011874     0.2629333
    -0.0102918     0.0010772     0.2629333
    -0.0102883     0.0009561     0.2629333
    -0.0102503     0.0008276     0.2629333
    -0.0101769     0.0007005     0.2629333
    -0.0100730     0.0005794     0.2629333
    -0.0099439     0.0004648     0.2629333
    -0.0097930     0.0003565     0.2629333
    -0.0096227     0.0002536     0.2629333
    -0.0094344     0.0001553     0.2629333
    -0.0092293     0.0000609     0.2629333
    -0.0090083    -0.0000302     0.2629333
    -0.0087717    -0.0001184     0.2629333
    -0.0085202    -0.0002042     0.2629333
    -0.0082540    -0.0002879     0.2629333
    -0.0079734    -0.0003697     0.2629333
    -0.0076783    -0.0004496     0.2629333
    -0.0073691    -0.0005279     0.2629333
    -0.0070459    -0.0006049     0.2629333
    -0.0067089    -0.0006810     0.2629333
    -0.0063582    -0.0007562     0.2629333
    -0.0059938    -0.0008309     0.2629333
    -0.0056158    -0.0009053     0.2629333
    -0.0052244    -0.0009794     0.2629333
    -0.0048195    -0.0010536     0.2629333
    -0.0044011    -0.0011280     0.2629333
    -0.0039694    -0.0012027     0.2629333
    -0.0035244    -0.0012780     0.2629333
    -0.0030662    -0.0013544     0.2629333
    -0.0025948    -0.0014323     0.2629333
    -0.0021104    -0.0015119     0.2629333
    -0.0016129    -0.0015936     0.2629333
    -0.0011023    -0.0016776     0.2629333
    -0.0005788    -0.0017641     0.2629333
    -0.0000425    -0.0018535     0.2629333
     0.0005068    -0.0019462     0.2629333
     0.0010688    -0.0020425     0.2629333
     0.0016437    -0.0021418     0.2629333
     0.0022317    -0.0022424     0.2629333
     0.0028329    -0.0023446     0.2629333
     0.0034471    -0.0024485     0.2629333
     0.0040745    -0.0025545     0.2629333
     0.0047148    -0.0026626     0.2629333
     0.0053681    -0.0027731     0.2629333
     0.0060344    -0.0028861     0.2629333
     0.0067136    -0.0030019     0.2629333
     0.0074056    -0.0031206     0.2629333
     0.0081106    -0.0032424     0.2629333
     0.0088283    -0.0033675     0.2629333
     0.0095588    -0.0034963     0.2629333
     0.0103020    -0.0036289     0.2629333
     0.0110579    -0.0037654     0.2629333
     0.0118265    -0.0039061     0.2629333
     0.0126077    -0.0040510     0.2629333
     0.0134016    -0.0042002     0.2629333
     0.0142080    -0.0043537     0.2629333
     0.0150271    -0.0045115     0.2629333
     0.0158587    -0.0046737     0.2629333
     0.0167029    -0.0048402     0.2629333
     0.0175598    -0.0050110     0.2629333
     0.0184292    -0.0051861     0.2629333
