     0.0204719    -0.0059115     0.2464666
     0.0195850    -0.0054251     0.2464666
     0.0187055    -0.0049563     0.2464666
     0.0178341    -0.0045047     0.2464666
     0.0169709    -0.0040696     0.2464666
     0.0161166    -0.0036506     0.2464666
     0.0152715    -0.0032471     0.2464666
     0.0144360    -0.0028585     0.2464666
     0.0136104    -0.0024844     0.2464666
     0.0127949    -0.0021244     0.2464666
     0.0119898    -0.0017783     0.2464666
     0.0111953    -0.0014458     0.2464666
     0.0104115    -0.0011267     0.2464666
     0.0096387    -0.0008206     0.2464666
     0.0088770    -0.0005275     0.2464666
     0.0081266    -0.0002470     0.2464666
     0.0073876     0.0000211     0.2464666
     0.0066603     0.0002770     0.2464666
     0.0059447     0.0005208     0.2464666
     0.0052411     0.0007528     0.2464666
     0.0045495     0.0009731     0.2464666
     0.0038700     0.0011818     0.2464666
     0.0032027     0.0013789     0.2464666
     0.0025479     0.0015648     0.2464666
     0.0019054     0.0017391     0.2464666
     0.0012750     0.0019002     0.2464666
     0.0006568     0.0020475     0.2464666
     0.0000509     0.0021813     0.2464666
    -0.0005424     0.0023019     0.2464666
    -0.0011228     0.0024098     0.2464666
    -0.0016901     0.0025052     0.2464666
    -0.0022440     0.0025888     0.2464666
    -0.0027842     0.0026611     0.2464666
    -0.0033107     0.0027224     0.2464666
    -0.0038232     0.0027730     0.2464666
    -0.0043214     0.0028133     0.2464666
    -0.0048052     0.0028434     0.2464666
    -0.0052745     0.0028639     0.2464666
    -0.0057289     0.0028750     0.2464666
    -0.0061684     0.0028772     0.2464666
    -0.0065927     0.0028709     0.2464666
    -0.0070017     0.0028565     0.2464666
    -0.0073952     0.0028345     0.2464666
    -0.0077731     0.0028051     0.2464666
    -0.0081352     0.0027686     0.2464666
    -0.0084812     0.0027249     0.2464666
    -0.0088110     0.0026744     0.2464666
    -0.0091242     0.0026170     0.2464666
    -0.0094207     0.0025532     0.2464666
    -0.0097001     0.0024833     0.2464666
    -0.0099622     0.0024076     0.2464666
    -0.0102067     0.0023265     0.2464666
    -0.0104330     0.0022393     0.2464666
    -0.0106405     0.0021454     0.2464666
    -0.0108282     0.0020449     0.2464666
    -0.0109950     0.0019380     0.2464666
    -0.0111390     0.0018251     0.2464666
    -0.0112578     0.0017062     0.2464666
    -0.0113485     0.0015826     0.2464666
    -0.0114079     0.0014575     0.2464666
    -0.0114363     0.0013349     0.2464666
    -0.0114354     0.0011999     0.2464666
    -0.0113979     0.0010558     0.2464666
    -0.0113225     0.0009117     0.2464666
    -0.0112139     0.0007723     0.2464666
    -0.0110773     0.0006389     0.2464666
    -0.0109161     0.0005113     0.2464666
    -0.0107327     0.0003891     0.2464666
    -0.0105285     0.0002718     0.2464666
    -0.0103051     0.0001586     0.2464666
    -0.0100633     0.0000489     0.2464666
    -0.0098038    -0.0000578     0.2464666
    -0.0095272    -0.0001619     0.2464666
    -0.0092340    -0.0002637     0.2464666
    -0.0089244    -0.0003633     0.2464666
    -0.0085984    -0.0004606     0.2464666
    -0.0082563    -0.0005558     0.2464666
    -0.0078983    -0.0006494     0.2464666
    -0.0075248    -0.0007419     0.2464666
    -0.0071359    -0.0008335     0.2464666
    -0.0067316    -0.0009244     0.2464666
    -0.0063121    -0.0010149     0.2464666
    -0.0058774    -0.0011051     0.2464666
    -0.0054277    -0.0011952     0.2464666
    -0.0049629    -0.0012853     0.2464666
    -0.0044831    -0.0013754     0.2464666
    -0.0039883    -0.0014660     0.2464666
    -0.0034788    -0.0015577     0.2464666
    -0.0029546    -0.0016510     0.2464666
    -0.0024159    -0.0017465     0.2464666
    -0.0018626    -0.0018441     0.2464666
    -0.0012947    -0.0019442     0.2464666
    -0.0007124    -0.0020468     0.2464666
    -0.0001157    -0.0021525     0.2464666
     0.0004953    -0.0022617     0.2464666
     0.0011207    -0.0023746     0.2464666
     0.0017603    -0.0024907     0.2464666
     0.0024147    -0.0026084     0.2464666
     0.0030836    -0.0027277     0.2464666
     0.0037672    -0.0028491     0.2464666
     0.0044653    -0.0029727     0.2464666
     0.0051779    -0.0030987     0.2464666
     0.0059050    -0.0032273     0.2464666
     0.0066465    -0.0033587     0.2464666
     0.0074024    -0.0034930     0.2464666
     0.0081726    -0.0036305     0.2464666
     0.0089572    -0.0037712     0.2464666
     0.0097561    -0.0039156     0.2464666
     0.0105692    -0.0040639     0.2464666
     0.0113965    -0.0042165     0.2464666
     0.0122378    -0.0043735     0.2464666
     0.0130933    -0.0045351     0.2464666
     0.0139629    -0.0047014     0.2464666
     0.0148465    -0.0048724     0.2464666
     0.0157441    -0.0050481     0.2464666
     0.0166558    -0.0052285     0.2464666
     0.0175815    -0.0054136     0.2464666
     0.0185212    -0.0056033     0.2464666
     0.0194750    -0.0057979     0.2464666
     0.0204428    -0.0059972     0.2464666
