     0.0180777    -0.0165641     0.0653327
     0.0174731    -0.0155383     0.0653327
     0.0168624    -0.0145369     0.0653327
     0.0162461    -0.0135596     0.0653327
     0.0156251    -0.0126064     0.0653327
     0.0150005    -0.0116767     0.0653327
     0.0143738    -0.0107697     0.0653327
     0.0137466    -0.0098847     0.0653327
     0.0131201    -0.0090211     0.0653327
     0.0124944    -0.0081788     0.0653327
     0.0118699    -0.0073579     0.0653327
     0.0112465    -0.0065584     0.0653327
     0.0106247    -0.0057802     0.0653327
     0.0100049    -0.0050232     0.0653327
     0.0093874    -0.0042872     0.0653327
     0.0087727    -0.0035721     0.0653327
     0.0081612    -0.0028777     0.0653327
     0.0075532    -0.0022038     0.0653327
     0.0069491    -0.0015504     0.0653327
     0.0063493    -0.0009173     0.0653327
     0.0057539    -0.0003045     0.0653327
     0.0051628     0.0002876     0.0653327
     0.0045757     0.0008587     0.0653327
     0.0039927     0.0014086     0.0653327
     0.0034138     0.0019370     0.0653327
     0.0028386     0.0024432     0.0653327
     0.0022673     0.0029266     0.0653327
     0.0016999     0.0033868     0.0653327
     0.0011368     0.0038235     0.0653327
     0.0005782     0.0042368     0.0653327
     0.0000250     0.0046273     0.0653327
    -0.0005216     0.0049961     0.0653327
    -0.0010606     0.0053444     0.0653327
    -0.0015916     0.0056719     0.0653327
    -0.0021145     0.0059785     0.0653327
    -0.0026291     0.0062639     0.0653327
    -0.0031350     0.0065282     0.0653327
    -0.0036316     0.0067713     0.0653327
    -0.0041184     0.0069936     0.0653327
    -0.0045949     0.0071954     0.0653327
    -0.0050601     0.0073778     0.0653327
    -0.0055132     0.0075417     0.0653327
    -0.0059537     0.0076879     0.0653327
    -0.0063809     0.0078165     0.0653327
    -0.0067949     0.0079266     0.0653327
    -0.0071953     0.0080175     0.0653327
    -0.0075817     0.0080884     0.0653327
    -0.0079535     0.0081388     0.0653327
    -0.0083099     0.0081695     0.0653327
    -0.0086492     0.0081824     0.0653327
    -0.0089701     0.0081795     0.0653327
    -0.0092719     0.0081619     0.0653327
    -0.0095552     0.0081265     0.0653327
    -0.0098208     0.0080704     0.0653327
    -0.0100667     0.0079947     0.0653327
    -0.0102893     0.0079038     0.0653327
    -0.0104864     0.0078017     0.0653327
    -0.0106569     0.0076921     0.0653327
    -0.0108009     0.0075781     0.0653327
    -0.0109189     0.0074632     0.0653327
    -0.0110136     0.0073490     0.0653327
    -0.0111002     0.0072166     0.0653327
    -0.0111763     0.0070595     0.0653327
    -0.0112364     0.0068778     0.0653327
    -0.0112766     0.0066729     0.0653327
    -0.0112935     0.0064472     0.0653327
    -0.0112834     0.0062040     0.0653327
    -0.0112428     0.0059482     0.0653327
    -0.0111715     0.0056820     0.0653327
    -0.0110720     0.0054064     0.0653327
    -0.0109460     0.0051222     0.0653327
    -0.0107947     0.0048302     0.0653327
    -0.0106200     0.0045309     0.0653327
    -0.0104234     0.0042253     0.0653327
    -0.0102036     0.0039148     0.0653327
    -0.0099592     0.0036009     0.0653327
    -0.0096906     0.0032838     0.0653327
    -0.0094004     0.0029623     0.0653327
    -0.0090906     0.0026356     0.0653327
    -0.0087616     0.0023035     0.0653327
    -0.0084135     0.0019660     0.0653327
    -0.0080469     0.0016229     0.0653327
    -0.0076620     0.0012741     0.0653327
    -0.0072584     0.0009205     0.0653327
    -0.0068354     0.0005629     0.0653327
    -0.0063928     0.0002021     0.0653327
    -0.0059314    -0.0001629     0.0653327
    -0.0054528    -0.0005341     0.0653327
    -0.0049590    -0.0009137     0.0653327
    -0.0044503    -0.0013022     0.0653327
    -0.0039260    -0.0016985     0.0653327
    -0.0033854    -0.0021016     0.0653327
    -0.0028282    -0.0025113     0.0653327
    -0.0022546    -0.0029279     0.0653327
    -0.0016648    -0.0033516     0.0653327
    -0.0010593    -0.0037828     0.0653327
    -0.0004383    -0.0042218     0.0653327
     0.0001983    -0.0046686     0.0653327
     0.0008503    -0.0051233     0.0653327
     0.0015176    -0.0055860     0.0653327
     0.0022002    -0.0060571     0.0653327
     0.0028978    -0.0065365     0.0653327
     0.0036106    -0.0070243     0.0653327
     0.0043387    -0.0075202     0.0653327
     0.0050823    -0.0080238     0.0653327
     0.0058416    -0.0085348     0.0653327
     0.0066164    -0.0090536     0.0653327
     0.0074062    -0.0095807     0.0653327
     0.0082106    -0.0101172     0.0653327
     0.0090287    -0.0106640     0.0653327
     0.0098604    -0.0112214     0.0653327
     0.0107058    -0.0117893     0.0653327
     0.0115650    -0.0123674     0.0653327
     0.0124383    -0.0129554     0.0653327
     0.0133258    -0.0135530     0.0653327
     0.0142277    -0.0141599     0.0653327
     0.0151443    -0.0147758     0.0653327
     0.0160754    -0.0154010     0.0653327
     0.0170200    -0.0160368     0.0653327
     0.0179778    -0.0166839     0.0653327
