     0.0261955    -0.0096322     0.1805997
     0.0250942    -0.0088773     0.1805997
     0.0239995    -0.0081479     0.1805997
     0.0229122    -0.0074432     0.1805997
     0.0218328    -0.0067629     0.1805997
     0.0207620    -0.0061059     0.1805997
     0.0197008    -0.0054714     0.1805997
     0.0186500    -0.0048584     0.1805997
     0.0176101    -0.0042661     0.1805997
     0.0165815    -0.0036942     0.1805997
     0.0155645    -0.0031424     0.1805997
     0.0145593    -0.0026106     0.1805997
     0.0135662    -0.0020985     0.1805997
     0.0125854    -0.0016057     0.1805997
     0.0116174    -0.0011320     0.1805997
     0.0106624    -0.0006770     0.1805997
     0.0097206    -0.0002404     0.1805997
     0.0087924     0.0001780     0.1805997
     0.0078779     0.0005785     0.1805997
     0.0069774     0.0009613     0.1805997
     0.0060912     0.0013266     0.1805997
     0.0052192     0.0016743     0.1805997
     0.0043616     0.0020043     0.1805997
     0.0035185     0.0023167     0.1805997
     0.0026899     0.0026111     0.1805997
     0.0018756     0.0028858     0.1805997
     0.0010755     0.0031403     0.1805997
     0.0002902     0.0033746     0.1805997
    -0.0004802     0.0035889     0.1805997
    -0.0012352     0.0037835     0.1805997
    -0.0019744     0.0039591     0.1805997
    -0.0026972     0.0041169     0.1805997
    -0.0034032     0.0042577     0.1805997
    -0.0040921     0.0043819     0.1805997
    -0.0047636     0.0044896     0.1805997
    -0.0054174     0.0045810     0.1805997
    -0.0060531     0.0046565     0.1805997
    -0.0066704     0.0047165     0.1805997
    -0.0072689     0.0047613     0.1805997
    -0.0078483     0.0047916     0.1805997
    -0.0084082     0.0048083     0.1805997
    -0.0089484     0.0048121     0.1805997
    -0.0094685     0.0048040     0.1805997
    -0.0099683     0.0047841     0.1805997
    -0.0104473     0.0047523     0.1805997
    -0.0109052     0.0047085     0.1805997
    -0.0113414     0.0046524     0.1805997
    -0.0117556     0.0045842     0.1805997
    -0.0121471     0.0045045     0.1805997
    -0.0125155     0.0044146     0.1805997
    -0.0128603     0.0043157     0.1805997
    -0.0131812     0.0042086     0.1805997
    -0.0134775     0.0040915     0.1805997
    -0.0137484     0.0039625     0.1805997
    -0.0139927     0.0038225     0.1805997
    -0.0142086     0.0036738     0.1805997
    -0.0143945     0.0035183     0.1805997
    -0.0145484     0.0033578     0.1805997
    -0.0146684     0.0031941     0.1805997
    -0.0147523     0.0030311     0.1805997
    -0.0148015     0.0028723     0.1805997
    -0.0148211     0.0026957     0.1805997
    -0.0148030     0.0025015     0.1805997
    -0.0147433     0.0022981     0.1805997
    -0.0146445     0.0020911     0.1805997
    -0.0145098     0.0018829     0.1805997
    -0.0143412     0.0016756     0.1805997
    -0.0141402     0.0014716     0.1805997
    -0.0139083     0.0012712     0.1805997
    -0.0136478     0.0010739     0.1805997
    -0.0133603     0.0008793     0.1805997
    -0.0130470     0.0006871     0.1805997
    -0.0127093     0.0004970     0.1805997
    -0.0123483     0.0003088     0.1805997
    -0.0119638     0.0001233     0.1805997
    -0.0115556    -0.0000587     0.1805997
    -0.0111241    -0.0002374     0.1805997
    -0.0106703    -0.0004140     0.1805997
    -0.0101953    -0.0005896     0.1805997
    -0.0096992    -0.0007643     0.1805997
    -0.0091821    -0.0009384     0.1805997
    -0.0086444    -0.0011123     0.1805997
    -0.0080861    -0.0012862     0.1805997
    -0.0075074    -0.0014598     0.1805997
    -0.0069082    -0.0016327     0.1805997
    -0.0062884    -0.0018047     0.1805997
    -0.0056484    -0.0019767     0.1805997
    -0.0049886    -0.0021500     0.1805997
    -0.0043095    -0.0023266     0.1805997
    -0.0036114    -0.0025067     0.1805997
    -0.0028942    -0.0026901     0.1805997
    -0.0021576    -0.0028764     0.1805997
    -0.0014018    -0.0030657     0.1805997
    -0.0006268    -0.0032583     0.1805997
     0.0001671    -0.0034550     0.1805997
     0.0009800    -0.0036559     0.1805997
     0.0018117    -0.0038609     0.1805997
     0.0026627    -0.0040686     0.1805997
     0.0035330    -0.0042792     0.1805997
     0.0044223    -0.0044930     0.1805997
     0.0053308    -0.0047103     0.1805997
     0.0062583    -0.0049314     0.1805997
     0.0072047    -0.0051563     0.1805997
     0.0081701    -0.0053850     0.1805997
     0.0091545    -0.0056175     0.1805997
     0.0101578    -0.0058539     0.1805997
     0.0111800    -0.0060943     0.1805997
     0.0122210    -0.0063395     0.1805997
     0.0132805    -0.0065902     0.1805997
     0.0143584    -0.0068469     0.1805997
     0.0154547    -0.0071102     0.1805997
     0.0165693    -0.0073800     0.1805997
     0.0177022    -0.0076562     0.1805997
     0.0188535    -0.0079387     0.1805997
     0.0200232    -0.0082274     0.1805997
     0.0212112    -0.0085222     0.1805997
     0.0224176    -0.0088228     0.1805997
     0.0236425    -0.0091294     0.1805997
     0.0248855    -0.0094428     0.1805997
     0.0261467    -0.0097633     0.1805997
