     0.0200210    -0.0177392     0.0817994
     0.0193369    -0.0166383     0.0817994
     0.0186470    -0.0155640     0.0817994
     0.0179520    -0.0145158     0.0817994
     0.0172527    -0.0134937     0.0817994
     0.0165504    -0.0124970     0.0817994
     0.0158466    -0.0115250     0.0817994
     0.0151430    -0.0105768     0.0817994
     0.0144406    -0.0096517     0.0817994
     0.0137399    -0.0087497     0.0817994
     0.0130409    -0.0078709     0.0817994
     0.0123440    -0.0070151     0.0817994
     0.0116493    -0.0061824     0.0817994
     0.0109575    -0.0053726     0.0817994
     0.0102688    -0.0045854     0.0817994
     0.0095838    -0.0038208     0.0817994
     0.0089029    -0.0030784     0.0817994
     0.0082265    -0.0023583     0.0817994
     0.0075548    -0.0016601     0.0817994
     0.0068884    -0.0009838     0.0817994
     0.0062273    -0.0003294     0.0817994
     0.0055715     0.0003028     0.0817994
     0.0049208     0.0009125     0.0817994
     0.0042753     0.0014994     0.0817994
     0.0036347     0.0020632     0.0817994
     0.0029989     0.0026032     0.0817994
     0.0023678     0.0031186     0.0817994
     0.0017417     0.0036090     0.0817994
     0.0011208     0.0040743     0.0817994
     0.0005055     0.0045144     0.0817994
    -0.0001033     0.0049301     0.0817994
    -0.0007044     0.0053226     0.0817994
    -0.0012968     0.0056929     0.0817994
    -0.0018800     0.0060411     0.0817994
    -0.0024540     0.0063668     0.0817994
    -0.0030184     0.0066699     0.0817994
    -0.0035728     0.0069504     0.0817994
    -0.0041166     0.0072084     0.0817994
    -0.0046494     0.0074441     0.0817994
    -0.0051703     0.0076582     0.0817994
    -0.0056787     0.0078515     0.0817994
    -0.0061736     0.0080251     0.0817994
    -0.0066545     0.0081798     0.0817994
    -0.0071207     0.0083157     0.0817994
    -0.0075721     0.0084320     0.0817994
    -0.0080085     0.0085281     0.0817994
    -0.0084292     0.0086029     0.0817994
    -0.0088339     0.0086562     0.0817994
    -0.0092215     0.0086886     0.0817994
    -0.0095903     0.0087023     0.0817994
    -0.0099392     0.0086991     0.0817994
    -0.0102674     0.0086804     0.0817994
    -0.0105754     0.0086427     0.0817994
    -0.0108638     0.0085831     0.0817994
    -0.0111306     0.0085028     0.0817994
    -0.0113723     0.0084061     0.0817994
    -0.0115864     0.0082971     0.0817994
    -0.0117718     0.0081791     0.0817994
    -0.0119281     0.0080554     0.0817994
    -0.0120555     0.0079295     0.0817994
    -0.0121564     0.0078035     0.0817994
    -0.0122466     0.0076568     0.0817994
    -0.0123227     0.0074831     0.0817994
    -0.0123785     0.0072833     0.0817994
    -0.0124107     0.0070598     0.0817994
    -0.0124162     0.0068152     0.0817994
    -0.0123917     0.0065532     0.0817994
    -0.0123344     0.0062786     0.0817994
    -0.0122440     0.0059937     0.0817994
    -0.0121232     0.0056994     0.0817994
    -0.0119740     0.0053965     0.0817994
    -0.0117976     0.0050857     0.0817994
    -0.0115960     0.0047676     0.0817994
    -0.0113708     0.0044429     0.0817994
    -0.0111207     0.0041132     0.0817994
    -0.0108442     0.0037799     0.0817994
    -0.0105420     0.0034433     0.0817994
    -0.0102166     0.0031022     0.0817994
    -0.0098701     0.0027554     0.0817994
    -0.0095027     0.0024031     0.0817994
    -0.0091147     0.0020450     0.0817994
    -0.0087067     0.0016809     0.0817994
    -0.0082789     0.0013108     0.0817994
    -0.0078308     0.0009355     0.0817994
    -0.0073620     0.0005558     0.0817994
    -0.0068721     0.0001726     0.0817994
    -0.0063619    -0.0002154     0.0817994
    -0.0058332    -0.0006100     0.0817994
    -0.0052878    -0.0010136     0.0817994
    -0.0047261    -0.0014266     0.0817994
    -0.0041474    -0.0018481     0.0817994
    -0.0035509    -0.0022770     0.0817994
    -0.0029366    -0.0027133     0.0817994
    -0.0023046    -0.0031570     0.0817994
    -0.0016552    -0.0036086     0.0817994
    -0.0009887    -0.0040685     0.0817994
    -0.0003053    -0.0045368     0.0817994
     0.0003950    -0.0050135     0.0817994
     0.0011122    -0.0054987     0.0817994
     0.0018461    -0.0059926     0.0817994
     0.0025966    -0.0064953     0.0817994
     0.0033636    -0.0070072     0.0817994
     0.0041471    -0.0075280     0.0817994
     0.0049473    -0.0080575     0.0817994
     0.0057644    -0.0085955     0.0817994
     0.0065984    -0.0091416     0.0817994
     0.0074493    -0.0096962     0.0817994
     0.0083166    -0.0102599     0.0817994
     0.0091996    -0.0108337     0.0817994
     0.0100977    -0.0114187     0.0817994
     0.0110107    -0.0120151     0.0817994
     0.0119386    -0.0126228     0.0817994
     0.0128817    -0.0132416     0.0817994
     0.0138401    -0.0138711     0.0817994
     0.0148140    -0.0145112     0.0817994
     0.0158035    -0.0151614     0.0817994
     0.0168090    -0.0158214     0.0817994
     0.0178302    -0.0164916     0.0817994
     0.0188662    -0.0171732     0.0817994
     0.0199166    -0.0178670     0.0817994
