     0.0254877    -0.0151732     0.1147328
     0.0245043    -0.0141338     0.1147328
     0.0235210    -0.0131237     0.1147328
     0.0225386    -0.0121425     0.1147328
     0.0215578    -0.0111897     0.1147328
     0.0205799    -0.0102646     0.1147328
     0.0196061    -0.0093660     0.1147328
     0.0186379    -0.0084928     0.1147328
     0.0176764    -0.0076442     0.1147328
     0.0167218    -0.0068199     0.1147328
     0.0157744    -0.0060200     0.1147328
     0.0148345    -0.0052443     0.1147328
     0.0139024    -0.0044926     0.1147328
     0.0129785    -0.0037648     0.1147328
     0.0120633    -0.0030604     0.1147328
     0.0111572    -0.0023792     0.1147328
     0.0102605    -0.0017209     0.1147328
     0.0093736    -0.0010853     0.1147328
     0.0084969    -0.0004722     0.1147328
     0.0076308     0.0001187     0.1147328
     0.0067754     0.0006875     0.1147328
     0.0059307     0.0012337     0.1147328
     0.0050967     0.0017572     0.1147328
     0.0042734     0.0022578     0.1147328
     0.0034609     0.0027352     0.1147328
     0.0026588     0.0031880     0.1147328
     0.0018672     0.0036158     0.1147328
     0.0010864     0.0040180     0.1147328
     0.0003169     0.0043948     0.1147328
    -0.0004411     0.0047463     0.1147328
    -0.0011866     0.0050733     0.1147328
    -0.0019189     0.0053772     0.1147328
    -0.0026370     0.0056592     0.1147328
    -0.0033405     0.0059195     0.1147328
    -0.0040292     0.0061578     0.1147328
    -0.0047027     0.0063743     0.1147328
    -0.0053605     0.0065690     0.1147328
    -0.0060022     0.0067422     0.1147328
    -0.0066272     0.0068943     0.1147328
    -0.0072350     0.0070260     0.1147328
    -0.0078248     0.0071383     0.1147328
    -0.0083961     0.0072324     0.1147328
    -0.0089483     0.0073093     0.1147328
    -0.0094810     0.0073692     0.1147328
    -0.0099938     0.0074113     0.1147328
    -0.0104862     0.0074353     0.1147328
    -0.0109577     0.0074403     0.1147328
    -0.0114076     0.0074262     0.1147328
    -0.0118351     0.0073940     0.1147328
    -0.0122390     0.0073455     0.1147328
    -0.0126185     0.0072830     0.1147328
    -0.0129729     0.0072076     0.1147328
    -0.0133021     0.0071161     0.1147328
    -0.0136061     0.0070057     0.1147328
    -0.0138830     0.0068776     0.1147328
    -0.0141299     0.0067363     0.1147328
    -0.0143452     0.0065854     0.1147328
    -0.0145276     0.0064283     0.1147328
    -0.0146764     0.0062676     0.1147328
    -0.0147913     0.0061073     0.1147328
    -0.0148747     0.0059497     0.1147328
    -0.0149382     0.0057705     0.1147328
    -0.0149757     0.0055650     0.1147328
    -0.0149811     0.0053375     0.1147328
    -0.0149527     0.0050922     0.1147328
    -0.0148895     0.0048325     0.1147328
    -0.0147903     0.0045625     0.1147328
    -0.0146539     0.0042868     0.1147328
    -0.0144811     0.0040076     0.1147328
    -0.0142749     0.0037249     0.1147328
    -0.0140372     0.0034391     0.1147328
    -0.0137695     0.0031505     0.1147328
    -0.0134739     0.0028591     0.1147328
    -0.0131519     0.0025654     0.1147328
    -0.0128029     0.0022709     0.1147328
    -0.0124257     0.0019772     0.1147328
    -0.0120211     0.0016842     0.1147328
    -0.0115911     0.0013904     0.1147328
    -0.0111375     0.0010945     0.1147328
    -0.0106605     0.0007963     0.1147328
    -0.0101605     0.0004956     0.1147328
    -0.0096379     0.0001920     0.1147328
    -0.0090930    -0.0001145     0.1147328
    -0.0085255    -0.0004232     0.1147328
    -0.0079351    -0.0007333     0.1147328
    -0.0073217    -0.0010441     0.1147328
    -0.0066859    -0.0013568     0.1147328
    -0.0060288    -0.0016736     0.1147328
    -0.0053520    -0.0019969     0.1147328
    -0.0046556    -0.0023274     0.1147328
    -0.0039392    -0.0026640     0.1147328
    -0.0032024    -0.0030059     0.1147328
    -0.0024450    -0.0033528     0.1147328
    -0.0016673    -0.0037052     0.1147328
    -0.0008696    -0.0040635     0.1147328
    -0.0000520    -0.0044282     0.1147328
     0.0007853    -0.0047994     0.1147328
     0.0016427    -0.0051764     0.1147328
     0.0025199    -0.0055596     0.1147328
     0.0034170    -0.0059491     0.1147328
     0.0043337    -0.0063452     0.1147328
     0.0052701    -0.0067482     0.1147328
     0.0062261    -0.0071580     0.1147328
     0.0072017    -0.0075744     0.1147328
     0.0081971    -0.0079971     0.1147328
     0.0092123    -0.0084260     0.1147328
     0.0102473    -0.0088614     0.1147328
     0.0113015    -0.0093040     0.1147328
     0.0123748    -0.0097548     0.1147328
     0.0134665    -0.0102150     0.1147328
     0.0145767    -0.0106849     0.1147328
     0.0157052    -0.0111644     0.1147328
     0.0168522    -0.0116533     0.1147328
     0.0180178    -0.0121513     0.1147328
     0.0192020    -0.0126581     0.1147328
     0.0204051    -0.0131734     0.1147328
     0.0216271    -0.0136969     0.1147328
     0.0228679    -0.0142289     0.1147328
     0.0241270    -0.0147707     0.1147328
     0.0254041    -0.0153230     0.1147328
