     0.0155265    -0.0054567     0.0323992
     0.0148862    -0.0049721     0.0323992
     0.0142482    -0.0045047     0.0323992
     0.0136126    -0.0040542     0.0323992
     0.0129801    -0.0036202     0.0323992
     0.0123511    -0.0032023     0.0323992
     0.0117266    -0.0027993     0.0323992
     0.0111073    -0.0024104     0.0323992
     0.0104939    -0.0020347     0.0323992
     0.0098865    -0.0016723     0.0323992
     0.0092852    -0.0013230     0.0323992
     0.0086900    -0.0009870     0.0323992
     0.0081013    -0.0006641     0.0323992
     0.0075191    -0.0003542     0.0323992
     0.0069437    -0.0000569     0.0323992
     0.0063754     0.0002278     0.0323992
     0.0058144     0.0005003     0.0323992
     0.0052608     0.0007607     0.0323992
     0.0047149     0.0010092     0.0323992
     0.0041769     0.0012459     0.0323992
     0.0036468     0.0014710     0.0323992
     0.0031246     0.0016840     0.0323992
     0.0026104     0.0018847     0.0323992
     0.0021041     0.0020728     0.0323992
     0.0016057     0.0022483     0.0323992
     0.0011155     0.0024107     0.0323992
     0.0006336     0.0025596     0.0323992
     0.0001602     0.0026949     0.0323992
    -0.0003045     0.0028164     0.0323992
    -0.0007603     0.0029240     0.0323992
    -0.0012067     0.0030185     0.0323992
    -0.0016434     0.0031011     0.0323992
    -0.0020700     0.0031727     0.0323992
    -0.0024861     0.0032333     0.0323992
    -0.0028916     0.0032828     0.0323992
    -0.0032865     0.0033210     0.0323992
    -0.0036702     0.0033480     0.0323992
    -0.0040427     0.0033640     0.0323992
    -0.0044035     0.0033692     0.0323992
    -0.0047523     0.0033642     0.0323992
    -0.0050890     0.0033498     0.0323992
    -0.0054132     0.0033268     0.0323992
    -0.0057247     0.0032961     0.0323992
    -0.0060232     0.0032579     0.0323992
    -0.0063085     0.0032114     0.0323992
    -0.0065800     0.0031563     0.0323992
    -0.0068373     0.0030921     0.0323992
    -0.0070800     0.0030185     0.0323992
    -0.0073074     0.0029364     0.0323992
    -0.0075192     0.0028476     0.0323992
    -0.0077150     0.0027540     0.0323992
    -0.0078948     0.0026565     0.0323992
    -0.0080581     0.0025528     0.0323992
    -0.0082044     0.0024406     0.0323992
    -0.0083331     0.0023213     0.0323992
    -0.0084429     0.0021993     0.0323992
    -0.0085338     0.0020781     0.0323992
    -0.0086064     0.0019606     0.0323992
    -0.0086623     0.0018493     0.0323992
    -0.0087032     0.0017457     0.0323992
    -0.0087317     0.0016499     0.0323992
    -0.0087527     0.0015452     0.0323992
    -0.0087633     0.0014274     0.0323992
    -0.0087600     0.0012970     0.0323992
    -0.0087396     0.0011554     0.0323992
    -0.0086997     0.0010053     0.0323992
    -0.0086381     0.0008502     0.0323992
    -0.0085535     0.0006948     0.0323992
    -0.0084462     0.0005409     0.0323992
    -0.0083182     0.0003886     0.0323992
    -0.0081708     0.0002379     0.0323992
    -0.0080049     0.0000891     0.0323992
    -0.0078222    -0.0000580     0.0323992
    -0.0076238    -0.0002030     0.0323992
    -0.0074093    -0.0003446     0.0323992
    -0.0071781    -0.0004812     0.0323992
    -0.0069306    -0.0006127     0.0323992
    -0.0066682    -0.0007408     0.0323992
    -0.0063920    -0.0008666     0.0323992
    -0.0061023    -0.0009904     0.0323992
    -0.0057991    -0.0011121     0.0323992
    -0.0054829    -0.0012321     0.0323992
    -0.0051536    -0.0013505     0.0323992
    -0.0048113    -0.0014664     0.0323992
    -0.0044558    -0.0015791     0.0323992
    -0.0040871    -0.0016879     0.0323992
    -0.0037053    -0.0017937     0.0323992
    -0.0033113    -0.0018984     0.0323992
    -0.0029055    -0.0020041     0.0323992
    -0.0024881    -0.0021113     0.0323992
    -0.0020590    -0.0022189     0.0323992
    -0.0016177    -0.0023259     0.0323992
    -0.0011644    -0.0024321     0.0323992
    -0.0006989    -0.0025376     0.0323992
    -0.0002215    -0.0026427     0.0323992
     0.0002678    -0.0027477     0.0323992
     0.0007689    -0.0028530     0.0323992
     0.0012817    -0.0029588     0.0323992
     0.0018062    -0.0030652     0.0323992
     0.0023424    -0.0031723     0.0323992
     0.0028902    -0.0032803     0.0323992
     0.0034496    -0.0033893     0.0323992
     0.0040207    -0.0034992     0.0323992
     0.0046034    -0.0036096     0.0323992
     0.0051979    -0.0037203     0.0323992
     0.0058042    -0.0038311     0.0323992
     0.0064222    -0.0039420     0.0323992
     0.0070518    -0.0040538     0.0323992
     0.0076929    -0.0041672     0.0323992
     0.0083454    -0.0042831     0.0323992
     0.0090091    -0.0044017     0.0323992
     0.0096841    -0.0045230     0.0323992
     0.0103705    -0.0046467     0.0323992
     0.0110683    -0.0047724     0.0323992
     0.0117775    -0.0049000     0.0323992
     0.0124983    -0.0050290     0.0323992
     0.0132305    -0.0051593     0.0323992
     0.0139743    -0.0052911     0.0323992
     0.0147294    -0.0054256     0.0323992
     0.0154956    -0.0055635     0.0323992
