     0.0233621    -0.0074205     0.2135331
     0.0223615    -0.0068178     0.2135331
     0.0213684    -0.0062365     0.2135331
     0.0203834    -0.0056758     0.2135331
     0.0194068    -0.0051353     0.2135331
     0.0184393    -0.0046143     0.2135331
     0.0174815    -0.0041119     0.2135331
     0.0165339    -0.0036275     0.2135331
     0.0155971    -0.0031605     0.2135331
     0.0146712    -0.0027104     0.2135331
     0.0137565    -0.0022771     0.2135331
     0.0128533    -0.0018603     0.2135331
     0.0119618    -0.0014598     0.2135331
     0.0110822    -0.0010752     0.2135331
     0.0102147    -0.0007063     0.2135331
     0.0093596    -0.0003528     0.2135331
     0.0085170    -0.0000144     0.2135331
     0.0076873     0.0003090     0.2135331
     0.0068705     0.0006178     0.2135331
     0.0060669     0.0009121     0.2135331
     0.0052766     0.0011921     0.2135331
     0.0044997     0.0014578     0.2135331
     0.0037364     0.0017092     0.2135331
     0.0029867     0.0019465     0.2135331
     0.0022506     0.0021693     0.2135331
     0.0015280     0.0023760     0.2135331
     0.0008188     0.0025660     0.2135331
     0.0001233     0.0027395     0.2135331
    -0.0005582     0.0028967     0.2135331
    -0.0012253     0.0030381     0.2135331
    -0.0018777     0.0031641     0.2135331
    -0.0025151     0.0032756     0.2135331
    -0.0031372     0.0033733     0.2135331
    -0.0037436     0.0034575     0.2135331
    -0.0043341     0.0035284     0.2135331
    -0.0049086     0.0035863     0.2135331
    -0.0054667     0.0036317     0.2135331
    -0.0060082     0.0036647     0.2135331
    -0.0065327     0.0036859     0.2135331
    -0.0070402     0.0036957     0.2135331
    -0.0075302     0.0036949     0.2135331
    -0.0080026     0.0036839     0.2135331
    -0.0084572     0.0036634     0.2135331
    -0.0088938     0.0036337     0.2135331
    -0.0093121     0.0035948     0.2135331
    -0.0097117     0.0035468     0.2135331
    -0.0100923     0.0034895     0.2135331
    -0.0104536     0.0034233     0.2135331
    -0.0107953     0.0033484     0.2135331
    -0.0111168     0.0032657     0.2135331
    -0.0114180     0.0031761     0.2135331
    -0.0116985     0.0030798     0.2135331
    -0.0119576     0.0029759     0.2135331
    -0.0121946     0.0028632     0.2135331
    -0.0124085     0.0027420     0.2135331
    -0.0125978     0.0026137     0.2135331
    -0.0127608     0.0024790     0.2135331
    -0.0128953     0.0023390     0.2135331
    -0.0129987     0.0021952     0.2135331
    -0.0130684     0.0020510     0.2135331
    -0.0131050     0.0019103     0.2135331
    -0.0131117     0.0017548     0.2135331
    -0.0130806     0.0015866     0.2135331
    -0.0130092     0.0014145     0.2135331
    -0.0129015     0.0012438     0.2135331
    -0.0127618     0.0010764     0.2135331
    -0.0125930     0.0009129     0.2135331
    -0.0123972     0.0007543     0.2135331
    -0.0121759     0.0006004     0.2135331
    -0.0119310     0.0004505     0.2135331
    -0.0116637     0.0003040     0.2135331
    -0.0113749     0.0001606     0.2135331
    -0.0110655     0.0000198     0.2135331
    -0.0107364    -0.0001187     0.2135331
    -0.0103876    -0.0002545     0.2135331
    -0.0100190    -0.0003872     0.2135331
    -0.0096309    -0.0005170     0.2135331
    -0.0092240    -0.0006449     0.2135331
    -0.0087988    -0.0007714     0.2135331
    -0.0083554    -0.0008968     0.2135331
    -0.0078941    -0.0010215     0.2135331
    -0.0074150    -0.0011456     0.2135331
    -0.0069181    -0.0012694     0.2135331
    -0.0064036    -0.0013928     0.2135331
    -0.0058714    -0.0015157     0.2135331
    -0.0053216    -0.0016381     0.2135331
    -0.0047544    -0.0017605     0.2135331
    -0.0041700    -0.0018841     0.2135331
    -0.0035687    -0.0020098     0.2135331
    -0.0029506    -0.0021382     0.2135331
    -0.0023156    -0.0022691     0.2135331
    -0.0016639    -0.0024024     0.2135331
    -0.0009953    -0.0025385     0.2135331
    -0.0003101    -0.0026776     0.2135331
     0.0003918    -0.0028203     0.2135331
     0.0011101    -0.0029669     0.2135331
     0.0018451    -0.0031170     0.2135331
     0.0025969    -0.0032690     0.2135331
     0.0033656    -0.0034230     0.2135331
     0.0041512    -0.0035795     0.2135331
     0.0049535    -0.0037386     0.2135331
     0.0057725    -0.0039006     0.2135331
     0.0066082    -0.0040657     0.2135331
     0.0074606    -0.0042338     0.2135331
     0.0083296    -0.0044052     0.2135331
     0.0092152    -0.0045799     0.2135331
     0.0101173    -0.0047581     0.2135331
     0.0110359    -0.0049404     0.2135331
     0.0119709    -0.0051271     0.2135331
     0.0129221    -0.0053189     0.2135331
     0.0138896    -0.0055159     0.2135331
     0.0148733    -0.0057182     0.2135331
     0.0158732    -0.0059259     0.2135331
     0.0168893    -0.0061390     0.2135331
     0.0179215    -0.0063573     0.2135331
     0.0189699    -0.0065808     0.2135331
     0.0200345    -0.0068095     0.2135331
     0.0211153    -0.0070433     0.2135331
     0.0222122    -0.0072827     0.2135331
     0.0233252    -0.0075278     0.2135331
