     0.0162302    -0.0043018     0.2794000
     0.0155205    -0.0039453     0.2794000
     0.0148173    -0.0036021     0.2794000
     0.0141212    -0.0032716     0.2794000
     0.0134322    -0.0029535     0.2794000
     0.0127509    -0.0026474     0.2794000
     0.0120773    -0.0023528     0.2794000
     0.0114118    -0.0020695     0.2794000
     0.0107544    -0.0017972     0.2794000
     0.0101055    -0.0015355     0.2794000
     0.0094652    -0.0012842     0.2794000
     0.0088336    -0.0010431     0.2794000
     0.0082109    -0.0008119     0.2794000
     0.0075972    -0.0005905     0.2794000
     0.0069927    -0.0003787     0.2794000
     0.0063974    -0.0001763     0.2794000
     0.0058115     0.0000169     0.2794000
     0.0052351     0.0002010     0.2794000
     0.0046682     0.0003762     0.2794000
     0.0041111     0.0005426     0.2794000
     0.0035637     0.0007004     0.2794000
     0.0030263     0.0008496     0.2794000
     0.0024987     0.0009904     0.2794000
     0.0019813     0.0011231     0.2794000
     0.0014740     0.0012474     0.2794000
     0.0009764     0.0013618     0.2794000
     0.0004887     0.0014660     0.2794000
     0.0000111     0.0015601     0.2794000
    -0.0004564     0.0016447     0.2794000
    -0.0009135     0.0017199     0.2794000
    -0.0013600     0.0017860     0.2794000
    -0.0017958     0.0018434     0.2794000
    -0.0022208     0.0018924     0.2794000
    -0.0026347     0.0019332     0.2794000
    -0.0030375     0.0019662     0.2794000
    -0.0034289     0.0019917     0.2794000
    -0.0038090     0.0020100     0.2794000
    -0.0041774     0.0020213     0.2794000
    -0.0045342     0.0020259     0.2794000
    -0.0048792     0.0020242     0.2794000
    -0.0052123     0.0020164     0.2794000
    -0.0055334     0.0020028     0.2794000
    -0.0058423     0.0019835     0.2794000
    -0.0061390     0.0019590     0.2794000
    -0.0064233     0.0019293     0.2794000
    -0.0066952     0.0018946     0.2794000
    -0.0069544     0.0018553     0.2794000
    -0.0072010     0.0018114     0.2794000
    -0.0074346     0.0017631     0.2794000
    -0.0076552     0.0017105     0.2794000
    -0.0078625     0.0016535     0.2794000
    -0.0080561     0.0015923     0.2794000
    -0.0082359     0.0015268     0.2794000
    -0.0084011     0.0014566     0.2794000
    -0.0085511     0.0013818     0.2794000
    -0.0086848     0.0013018     0.2794000
    -0.0088007     0.0012162     0.2794000
    -0.0088965     0.0011251     0.2794000
    -0.0089691     0.0010290     0.2794000
    -0.0090155     0.0009308     0.2794000
    -0.0090355     0.0008342     0.2794000
    -0.0090301     0.0007281     0.2794000
    -0.0089929     0.0006165     0.2794000
    -0.0089236     0.0005073     0.2794000
    -0.0088271     0.0004048     0.2794000
    -0.0087083     0.0003092     0.2794000
    -0.0085708     0.0002199     0.2794000
    -0.0084168     0.0001358     0.2794000
    -0.0082476     0.0000561     0.2794000
    -0.0080641    -0.0000201     0.2794000
    -0.0078671    -0.0000933     0.2794000
    -0.0076569    -0.0001638     0.2794000
    -0.0074338    -0.0002321     0.2794000
    -0.0071981    -0.0002986     0.2794000
    -0.0069500    -0.0003634     0.2794000
    -0.0066896    -0.0004268     0.2794000
    -0.0064171    -0.0004889     0.2794000
    -0.0061325    -0.0005501     0.2794000
    -0.0058359    -0.0006104     0.2794000
    -0.0055274    -0.0006701     0.2794000
    -0.0052070    -0.0007294     0.2794000
    -0.0048749    -0.0007883     0.2794000
    -0.0045309    -0.0008472     0.2794000
    -0.0041753    -0.0009062     0.2794000
    -0.0038080    -0.0009655     0.2794000
    -0.0034291    -0.0010253     0.2794000
    -0.0030387    -0.0010859     0.2794000
    -0.0026366    -0.0011475     0.2794000
    -0.0022231    -0.0012104     0.2794000
    -0.0017981    -0.0012748     0.2794000
    -0.0013617    -0.0013409     0.2794000
    -0.0009139    -0.0014092     0.2794000
    -0.0004548    -0.0014799     0.2794000
     0.0000156    -0.0015532     0.2794000
     0.0004973    -0.0016297     0.2794000
     0.0009901    -0.0017094     0.2794000
     0.0014942    -0.0017919     0.2794000
     0.0020098    -0.0018755     0.2794000
     0.0025369    -0.0019604     0.2794000
     0.0030754    -0.0020469     0.2794000
     0.0036254    -0.0021352     0.2794000
     0.0041868    -0.0022253     0.2794000
     0.0047596    -0.0023176     0.2794000
     0.0053437    -0.0024121     0.2794000
     0.0059391    -0.0025091     0.2794000
     0.0065458    -0.0026088     0.2794000
     0.0071637    -0.0027113     0.2794000
     0.0077929    -0.0028168     0.2794000
     0.0084333    -0.0029255     0.2794000
     0.0090848    -0.0030376     0.2794000
     0.0097474    -0.0031531     0.2794000
     0.0104212    -0.0032723     0.2794000
     0.0111060    -0.0033951     0.2794000
     0.0118019    -0.0035218     0.2794000
     0.0125088    -0.0036524     0.2794000
     0.0132268    -0.0037868     0.2794000
     0.0139558    -0.0039252     0.2794000
     0.0146958    -0.0040674     0.2794000
     0.0154469    -0.0042135     0.2794000
     0.0162090    -0.0043632     0.2794000
