     0.0273326    -0.0124320     0.1476663
     0.0262195    -0.0115147     0.1476663
     0.0251107    -0.0106261     0.1476663
     0.0240068    -0.0097656     0.1476663
     0.0229086    -0.0089326     0.1476663
     0.0218171    -0.0081263     0.1476663
     0.0207334    -0.0073455     0.1476663
     0.0196586    -0.0065891     0.1476663
     0.0185935    -0.0058563     0.1476663
     0.0175386    -0.0051467     0.1476663
     0.0164940    -0.0044603     0.1476663
     0.0154601    -0.0037968     0.1476663
     0.0144371    -0.0031560     0.1476663
     0.0134255    -0.0025375     0.1476663
     0.0124256    -0.0019412     0.1476663
     0.0114378    -0.0013665     0.1476663
     0.0104623    -0.0008133     0.1476663
     0.0094996    -0.0002813     0.1476663
     0.0085500     0.0002298     0.1476663
     0.0076137     0.0007204     0.1476663
     0.0066909     0.0011904     0.1476663
     0.0057818     0.0016397     0.1476663
     0.0048862     0.0020680     0.1476663
     0.0040045     0.0024754     0.1476663
     0.0031365     0.0028614     0.1476663
     0.0022819     0.0032247     0.1476663
     0.0014409     0.0035644     0.1476663
     0.0006139     0.0038805     0.1476663
    -0.0001989     0.0041730     0.1476663
    -0.0009970     0.0044423     0.1476663
    -0.0017797     0.0046891     0.1476663
    -0.0025465     0.0049149     0.1476663
    -0.0032965     0.0051206     0.1476663
    -0.0040295     0.0053067     0.1476663
    -0.0047451     0.0054729     0.1476663
    -0.0054430     0.0056196     0.1476663
    -0.0061228     0.0057470     0.1476663
    -0.0067839     0.0058553     0.1476663
    -0.0074261     0.0059450     0.1476663
    -0.0080487     0.0060170     0.1476663
    -0.0086514     0.0060721     0.1476663
    -0.0092337     0.0061113     0.1476663
    -0.0097951     0.0061357     0.1476663
    -0.0103353     0.0061456     0.1476663
    -0.0108538     0.0061404     0.1476663
    -0.0113503     0.0061199     0.1476663
    -0.0118240     0.0060836     0.1476663
    -0.0122745     0.0060315     0.1476663
    -0.0127010     0.0059644     0.1476663
    -0.0131027     0.0058841     0.1476663
    -0.0134790     0.0057923     0.1476663
    -0.0138296     0.0056900     0.1476663
    -0.0141537     0.0055747     0.1476663
    -0.0144510     0.0054440     0.1476663
    -0.0147198     0.0052988     0.1476663
    -0.0149580     0.0051428     0.1476663
    -0.0151638     0.0049790     0.1476663
    -0.0153358     0.0048099     0.1476663
    -0.0154727     0.0046378     0.1476663
    -0.0155731     0.0044666     0.1476663
    -0.0156390     0.0042995     0.1476663
    -0.0156787     0.0041119     0.1476663
    -0.0156841     0.0039015     0.1476663
    -0.0156503     0.0036753     0.1476663
    -0.0155776     0.0034384     0.1476663
    -0.0154675     0.0031942     0.1476663
    -0.0153204     0.0029460     0.1476663
    -0.0151368     0.0026973     0.1476663
    -0.0149180     0.0024497     0.1476663
    -0.0146666     0.0022027     0.1476663
    -0.0143848     0.0019562     0.1476663
    -0.0140737     0.0017103     0.1476663
    -0.0137352     0.0014646     0.1476663
    -0.0133708     0.0012194     0.1476663
    -0.0129800     0.0009757     0.1476663
    -0.0125622     0.0007349     0.1476663
    -0.0121180     0.0004969     0.1476663
    -0.0116491     0.0002601     0.1476663
    -0.0111566     0.0000232     0.1476663
    -0.0106409    -0.0002138     0.1476663
    -0.0101022    -0.0004514     0.1476663
    -0.0095409    -0.0006899     0.1476663
    -0.0089573    -0.0009294     0.1476663
    -0.0083511    -0.0011694     0.1476663
    -0.0077223    -0.0014094     0.1476663
    -0.0070708    -0.0016487     0.1476663
    -0.0063971    -0.0018886     0.1476663
    -0.0057020    -0.0021308     0.1476663
    -0.0049863    -0.0023777     0.1476663
    -0.0042503    -0.0026298     0.1476663
    -0.0034938    -0.0028865     0.1476663
    -0.0027164    -0.0031469     0.1476663
    -0.0019182    -0.0034111     0.1476663
    -0.0010994    -0.0036795     0.1476663
    -0.0002601    -0.0039527     0.1476663
     0.0005994    -0.0042311     0.1476663
     0.0014793    -0.0045145     0.1476663
     0.0023798    -0.0048020     0.1476663
     0.0033008    -0.0050938     0.1476663
     0.0042423    -0.0053902     0.1476663
     0.0052041    -0.0056914     0.1476663
     0.0061863    -0.0059978     0.1476663
     0.0071887    -0.0063093     0.1476663
     0.0082114    -0.0066259     0.1476663
     0.0092544    -0.0069474     0.1476663
     0.0103178    -0.0072737     0.1476663
     0.0114013    -0.0076050     0.1476663
     0.0125049    -0.0079423     0.1476663
     0.0136282    -0.0082863     0.1476663
     0.0147710    -0.0086380     0.1476663
     0.0159332    -0.0089978     0.1476663
     0.0171147    -0.0093656     0.1476663
     0.0183156    -0.0097413     0.1476663
     0.0195359    -0.0101246     0.1476663
     0.0207758    -0.0105155     0.1476663
     0.0220352    -0.0109135     0.1476663
     0.0233142    -0.0113185     0.1476663
     0.0246127    -0.0117307     0.1476663
     0.0259305    -0.0121511     0.1476663
     0.0272675    -0.0125804     0.1476663
