     0.0173676    -0.0129294     0.0488659
     0.0167487    -0.0120763     0.0488659
     0.0161262    -0.0112455     0.0488659
     0.0155007    -0.0104366     0.0488659
     0.0148728    -0.0096494     0.0488659
     0.0142434    -0.0088836     0.0488659
     0.0136141    -0.0081381     0.0488659
     0.0129861    -0.0074120     0.0488659
     0.0123603    -0.0067048     0.0488659
     0.0117372    -0.0060164     0.0488659
     0.0111166    -0.0053469     0.0488659
     0.0104989    -0.0046962     0.0488659
     0.0098843    -0.0040643     0.0488659
     0.0092730    -0.0034510     0.0488659
     0.0086656    -0.0028562     0.0488659
     0.0080623    -0.0022797     0.0488659
     0.0074635    -0.0017212     0.0488659
     0.0068695    -0.0011806     0.0488659
     0.0062806    -0.0006579     0.0488659
     0.0056971    -0.0001527     0.0488659
     0.0051192     0.0003348     0.0488659
     0.0045467     0.0008043     0.0488659
     0.0039795     0.0012555     0.0488659
     0.0034176     0.0016881     0.0488659
     0.0028609     0.0021019     0.0488659
     0.0023094     0.0024963     0.0488659
     0.0017633     0.0028709     0.0488659
     0.0012226     0.0032251     0.0488659
     0.0006875     0.0035589     0.0488659
     0.0001584     0.0038721     0.0488659
    -0.0003640     0.0041655     0.0488659
    -0.0008787     0.0044403     0.0488659
    -0.0013850     0.0046975     0.0488659
    -0.0018824     0.0049371     0.0488659
    -0.0023709     0.0051587     0.0488659
    -0.0028502     0.0053622     0.0488659
    -0.0033200     0.0055476     0.0488659
    -0.0037798     0.0057150     0.0488659
    -0.0042292     0.0058647     0.0488659
    -0.0046676     0.0059971     0.0488659
    -0.0050944     0.0061131     0.0488659
    -0.0055089     0.0062138     0.0488659
    -0.0059106     0.0062999     0.0488659
    -0.0062990     0.0063716     0.0488659
    -0.0066740     0.0064280     0.0488659
    -0.0070353     0.0064685     0.0488659
    -0.0073824     0.0064923     0.0488659
    -0.0077148     0.0064990     0.0488659
    -0.0080316     0.0064894     0.0488659
    -0.0083315     0.0064656     0.0488659
    -0.0086137     0.0064294     0.0488659
    -0.0088775     0.0063821     0.0488659
    -0.0091231     0.0063207     0.0488659
    -0.0093512     0.0062422     0.0488659
    -0.0095599     0.0061482     0.0488659
    -0.0097465     0.0060431     0.0488659
    -0.0099092     0.0059311     0.0488659
    -0.0100478     0.0058158     0.0488659
    -0.0101628     0.0057002     0.0488659
    -0.0102555     0.0055874     0.0488659
    -0.0103286     0.0054784     0.0488659
    -0.0103943     0.0053548     0.0488659
    -0.0104505     0.0052104     0.0488659
    -0.0104921     0.0050453     0.0488659
    -0.0105155     0.0048606     0.0488659
    -0.0105171     0.0046586     0.0488659
    -0.0104934     0.0044428     0.0488659
    -0.0104414     0.0042181     0.0488659
    -0.0103608     0.0039868     0.0488659
    -0.0102541     0.0037494     0.0488659
    -0.0101229     0.0035068     0.0488659
    -0.0099683     0.0032594     0.0488659
    -0.0097921     0.0030077     0.0488659
    -0.0095959     0.0027523     0.0488659
    -0.0093784     0.0024949     0.0488659
    -0.0091384     0.0022370     0.0488659
    -0.0088765     0.0019787     0.0488659
    -0.0085949     0.0017188     0.0488659
    -0.0082953     0.0014561     0.0488659
    -0.0079781     0.0011906     0.0488659
    -0.0076435     0.0009222     0.0488659
    -0.0072919     0.0006507     0.0488659
    -0.0069236     0.0003760     0.0488659
    -0.0065382     0.0000990     0.0488659
    -0.0061351    -0.0001794     0.0488659
    -0.0057142    -0.0004585     0.0488659
    -0.0052761    -0.0007393     0.0488659
    -0.0048222    -0.0010237     0.0488659
    -0.0043541    -0.0013141     0.0488659
    -0.0038721    -0.0016108     0.0488659
    -0.0033755    -0.0019129     0.0488659
    -0.0028638    -0.0022193     0.0488659
    -0.0023367    -0.0025297     0.0488659
    -0.0017944    -0.0028442     0.0488659
    -0.0012370    -0.0031633     0.0488659
    -0.0006650    -0.0034872     0.0488659
    -0.0000783    -0.0038164     0.0488659
     0.0005227    -0.0041508     0.0488659
     0.0011381    -0.0044907     0.0488659
     0.0017677    -0.0048362     0.0488659
     0.0024116    -0.0051875     0.0488659
     0.0030696    -0.0055447     0.0488659
     0.0037417    -0.0059077     0.0488659
     0.0044282    -0.0062762     0.0488659
     0.0051291    -0.0066499     0.0488659
     0.0058446    -0.0070285     0.0488659
     0.0065747    -0.0074121     0.0488659
     0.0073189    -0.0078017     0.0488659
     0.0080767    -0.0081979     0.0488659
     0.0088477    -0.0086018     0.0488659
     0.0096316    -0.0090137     0.0488659
     0.0104287    -0.0094334     0.0488659
     0.0112389    -0.0098607     0.0488659
     0.0120625    -0.0102953     0.0488659
     0.0128996    -0.0107369     0.0488659
     0.0137505    -0.0111850     0.0488659
     0.0146151    -0.0116396     0.0488659
     0.0154935    -0.0121007     0.0488659
     0.0163848    -0.0125698     0.0488659
     0.0172888    -0.0130475     0.0488659
