     0.0270758    -0.0109836     0.1641330
     0.0259531    -0.0101462     0.1641330
     0.0248361    -0.0093361     0.1641330
     0.0237254    -0.0085526     0.1641330
     0.0226218    -0.0077953     0.1641330
     0.0215261    -0.0070631     0.1641330
     0.0204393    -0.0063552     0.1641330
     0.0193624    -0.0056703     0.1641330
     0.0182960    -0.0050077     0.1641330
     0.0172407    -0.0043671     0.1641330
     0.0161965    -0.0037482     0.1641330
     0.0151638    -0.0031510     0.1641330
     0.0141429    -0.0025750     0.1641330
     0.0131341    -0.0020201     0.1641330
     0.0121377    -0.0014858     0.1641330
     0.0111541    -0.0009718     0.1641330
     0.0101836    -0.0004779     0.1641330
     0.0092265    -0.0000038     0.1641330
     0.0082831     0.0004508     0.1641330
     0.0073535     0.0008862     0.1641330
     0.0064381     0.0013025     0.1641330
     0.0055369     0.0016995     0.1641330
     0.0046500     0.0020771     0.1641330
     0.0037775     0.0024354     0.1641330
     0.0029193     0.0027739     0.1641330
     0.0020753     0.0030910     0.1641330
     0.0012454     0.0033861     0.1641330
     0.0004302     0.0036592     0.1641330
    -0.0003701     0.0039104     0.1641330
    -0.0011552     0.0041401     0.1641330
    -0.0019243     0.0043489     0.1641330
    -0.0026770     0.0045382     0.1641330
    -0.0034127     0.0047090     0.1641330
    -0.0041310     0.0048615     0.1641330
    -0.0048317     0.0049958     0.1641330
    -0.0055144     0.0051122     0.1641330
    -0.0061787     0.0052108     0.1641330
    -0.0068242     0.0052922     0.1641330
    -0.0074505     0.0053566     0.1641330
    -0.0080572     0.0054049     0.1641330
    -0.0086440     0.0054379     0.1641330
    -0.0092103     0.0054566     0.1641330
    -0.0097560     0.0054619     0.1641330
    -0.0102806     0.0054540     0.1641330
    -0.0107837     0.0054326     0.1641330
    -0.0112649     0.0053976     0.1641330
    -0.0117237     0.0053487     0.1641330
    -0.0121594     0.0052857     0.1641330
    -0.0125716     0.0052095     0.1641330
    -0.0129596     0.0051217     0.1641330
    -0.0133228     0.0050238     0.1641330
    -0.0136608     0.0049165     0.1641330
    -0.0139731     0.0047977     0.1641330
    -0.0142589     0.0046654     0.1641330
    -0.0145169     0.0045203     0.1641330
    -0.0147451     0.0043656     0.1641330
    -0.0149417     0.0042037     0.1641330
    -0.0151053     0.0040367     0.1641330
    -0.0152339     0.0038667     0.1641330
    -0.0153260     0.0036977     0.1641330
    -0.0153832     0.0035329     0.1641330
    -0.0154120     0.0033488     0.1641330
    -0.0154042     0.0031445     0.1641330
    -0.0153555     0.0029278     0.1641330
    -0.0152673     0.0027041     0.1641330
    -0.0151419     0.0024764     0.1641330
    -0.0149808     0.0022473     0.1641330
    -0.0147849     0.0020199     0.1641330
    -0.0145557     0.0017951     0.1641330
    -0.0142956     0.0015724     0.1641330
    -0.0140066     0.0013515     0.1641330
    -0.0136898     0.0011323     0.1641330
    -0.0133469     0.0009144     0.1641330
    -0.0129792     0.0006978     0.1641330
    -0.0125864     0.0004835     0.1641330
    -0.0121680     0.0002726     0.1641330
    -0.0117246     0.0000650     0.1641330
    -0.0112575    -0.0001409     0.1641330
    -0.0107679    -0.0003462     0.1641330
    -0.0102558    -0.0005510     0.1641330
    -0.0097217    -0.0007556     0.1641330
    -0.0091657    -0.0009605     0.1641330
    -0.0085881    -0.0011658     0.1641330
    -0.0079888    -0.0013710     0.1641330
    -0.0073678    -0.0015758     0.1641330
    -0.0067250    -0.0017797     0.1641330
    -0.0060608    -0.0019837     0.1641330
    -0.0053758    -0.0021896     0.1641330
    -0.0046707    -0.0023992     0.1641330
    -0.0039458    -0.0026132     0.1641330
    -0.0032007    -0.0028310     0.1641330
    -0.0024355    -0.0030521     0.1641330
    -0.0016500    -0.0032765     0.1641330
    -0.0008444    -0.0035047     0.1641330
    -0.0000189    -0.0037371     0.1641330
     0.0008263    -0.0039743     0.1641330
     0.0016913    -0.0042159     0.1641330
     0.0025765    -0.0044609     0.1641330
     0.0034818    -0.0047093     0.1641330
     0.0044070    -0.0049616     0.1641330
     0.0053522    -0.0052180     0.1641330
     0.0063172    -0.0054788     0.1641330
     0.0073021    -0.0057440     0.1641330
     0.0083067    -0.0060136     0.1641330
     0.0093312    -0.0062875     0.1641330
     0.0103755    -0.0065657     0.1641330
     0.0114396    -0.0068483     0.1641330
     0.0125232    -0.0071363     0.1641330
     0.0136261    -0.0074303     0.1641330
     0.0147483    -0.0077311     0.1641330
     0.0158895    -0.0080392     0.1641330
     0.0170497    -0.0083546     0.1641330
     0.0182290    -0.0086770     0.1641330
     0.0194274    -0.0090065     0.1641330
     0.0206449    -0.0093427     0.1641330
     0.0218816    -0.0096855     0.1641330
     0.0231375    -0.0100347     0.1641330
     0.0244126    -0.0103904     0.1641330
     0.0257065    -0.0107537     0.1641330
     0.0270194    -0.0111248     0.1641330
