
 ===========================================================================
 Free Tip Potential Formulation Solution:  Arbitrary blade                 
                                                  Wake adv. ratio:    0.11161
 no. blades :  2            radius(m)  :   0.3175     adv. ratio:     0.01504
 thrust(N)  :   26.9        power(W)   :   223.       torque(N-m):   1.07    
 Efficiency :  0.1202       speed(m/s) :    1.000     rpm        :   2000.000
 Eff induced:  0.1347       Eff ideal  :   0.1562     Tcoef      :   138.3906
 Tnacel(N)  :     0.0000    hub rad.(m):   0.0324     disp. rad. :    0.0324
 Tvisc(N)   :    -0.1022    Pvisc(W)   :   23.3    
 rho(kg/m3) :   1.22600     Vsound(m/s):  340.000     mu(kg/m-s) : 0.1780E-04
 ---------------------------------------------------------------------------
Helicopter:  Sigma:    0.10186  CTh/s:    0.15363  FOM:    0.70718
                Ct:    0.12130     Cp:    0.04767    J:    0.04724
                Tc:  138.39058     Pc: 1151.08374  adv:    0.01504

  i  r/R   c/R  beta(deg)  CL     Cd    REx10^3 Mach   effi  effp  na.u/U
  1 0.108 0.0913  21.53  1.512 s 0.0760  16.19  0.024  9.916 0.218   0.000
  2 0.130 0.1038  26.94  1.512 s 0.0732  19.88  0.026  1.080 0.685   0.000
  3 0.166 0.1138  34.61  1.523 s 0.1399  26.91  0.032  0.661 0.591   0.000
  4 0.208 0.1254  40.87  1.532 s 0.2324  36.85  0.040  0.463 0.495   0.000
  5 0.254 0.1390  42.72  1.533 s 0.2344  49.50  0.048  0.322 0.531   0.000
  6 0.300 0.1491  39.85  1.526 s 0.1575  62.96  0.057  0.250 0.646   0.000
  7 0.347 0.1558  35.50  1.517 s 0.0838  76.36  0.066  0.206 0.783   0.000
  8 0.394 0.1585  31.68  1.511 s 0.0479  88.56  0.075  0.185 0.861   0.000
  9 0.440 0.1646  28.56  1.490   0.0242 103.05  0.084  0.146 0.931   0.000
 10 0.485 0.1692  26.03  1.415   0.0204 117.19  0.093  0.138 0.937   0.000
 11 0.530 0.1715  23.96  1.327   0.0187 129.98  0.102  0.137 0.934   0.000
 12 0.572 0.1718  22.22  1.247   0.0175 141.11  0.110  0.137 0.929   0.000
 13 0.614 0.1705  20.72  1.178   0.0166 150.45  0.119  0.139 0.924   0.000
 14 0.654 0.1688  19.46  1.118   0.0159 158.80  0.127  0.140 0.918   0.000
 15 0.692 0.1657  18.50  1.072   0.0154 165.25  0.134  0.140 0.913   0.000
 16 0.729 0.1621  17.74  1.036   0.0151 170.27  0.141  0.140 0.908   0.000
 17 0.763 0.1588  17.13  1.003   0.0148 174.90  0.148  0.139 0.904   0.000
 18 0.796 0.1563  16.63  0.968   0.0145 179.56  0.154  0.136 0.901   0.000
 19 0.826 0.1539  16.18  0.933   0.0142 183.62  0.160  0.133 0.898   0.000
 20 0.854 0.1517  15.81  0.896   0.0140 187.21  0.166  0.130 0.895   0.000
 21 0.880 0.1498  15.54  0.856   0.0138 190.51  0.171  0.124 0.893   0.000
 22 0.903 0.1476  15.32  0.812   0.0136 192.86  0.176  0.118 0.892   0.000
 23 0.924 0.1449  15.10  0.764   0.0134 193.80  0.180  0.112 0.889   0.000
 24 0.943 0.1421  14.89  0.707   0.0133 193.89  0.184  0.106 0.886   0.000
 25 0.959 0.1396  14.71  0.639   0.0132 193.91  0.187  0.099 0.881   0.000
 26 0.972 0.1378  14.57  0.558   0.0132 194.16  0.190  0.092 0.874   0.000
 27 0.983 0.1364  14.46  0.463   0.0131 194.58  0.192  0.084 0.861   0.000
 28 0.991 0.1355  14.38  0.356   0.0132 195.04  0.194  0.077 0.836   0.000
 29 0.997 0.1348  14.32  0.241   0.0134 195.43  0.195  0.070 0.786   0.000
 30 0.999 0.1342  14.27  0.143   0.0136 195.50  0.196  0.065 0.691   0.000
