
 ===========================================================================
 Free Tip Potential Formulation Solution:  Arbitrary blade                 
                                                  Wake adv. ratio:    0.10081
 no. blades :  2            radius(m)  :   0.3175     adv. ratio:     0.01504
 thrust(N)  :   22.7        power(W)   :   172.       torque(N-m):  0.823    
 Efficiency :  0.1318       speed(m/s) :    1.000     rpm        :   2000.000
 Eff induced:  0.1492       Eff ideal  :   0.1686     Tcoef      :   117.0057
 Tnacel(N)  :     0.0000    hub rad.(m):   0.0324     disp. rad. :    0.0324
 Tvisc(N)   :    -0.0861    Pvisc(W)   :   19.4    
 rho(kg/m3) :   1.22600     Vsound(m/s):  340.000     mu(kg/m-s) : 0.1780E-04
 ---------------------------------------------------------------------------
Helicopter:  Sigma:    0.07595  CTh/s:    0.17419  FOM:    0.71305
                Ct:    0.10256     Cp:    0.03675    J:    0.04724
                Tc:  117.00571     Pc:  887.50677  adv:    0.01504

  i  r/R   c/R  beta(deg)  CL     Cd    REx10^3 Mach   effi  effp  na.u/U
  1 0.108 0.0913  21.53  1.512 s 0.0738  15.94  0.023  7.174 0.284   0.000
  2 0.130 0.1038  26.94  1.511 s 0.0670  19.70  0.026  0.954 0.728   0.000
  3 0.166 0.1138  34.61  1.521 s 0.1260  26.80  0.032  0.589 0.642   0.000
  4 0.208 0.1254  40.87  1.530 s 0.2113  36.80  0.039  0.415 0.544   0.000
  5 0.254 0.1390  42.72  1.531 s 0.2107  49.56  0.048  0.290 0.581   0.000
  6 0.300 0.1491  39.85  1.524 s 0.1370  63.12  0.057  0.225 0.698   0.000
  7 0.347 0.1557  35.50  1.515 s 0.0686  76.59  0.066  0.184 0.830   0.000
  8 0.394 0.1589  31.68  1.506 s 0.0334  89.05  0.075  0.153 0.913   0.000
  9 0.440 0.1585  28.56  1.475   0.0232  99.67  0.085  0.138 0.936   0.000
 10 0.485 0.1552  26.03  1.417   0.0211 107.99  0.094  0.138 0.935   0.000
 11 0.530 0.1517  23.96  1.346   0.0198 115.39  0.102  0.139 0.930   0.000
 12 0.572 0.1476  22.22  1.277   0.0188 121.60  0.111  0.141 0.924   0.000
 13 0.614 0.1426  20.72  1.219   0.0181 126.10  0.119  0.144 0.917   0.000
 14 0.654 0.1370  19.46  1.170   0.0176 129.24  0.127  0.148 0.910   0.000
 15 0.692 0.1305  18.50  1.137   0.0174 130.33  0.134  0.151 0.902   0.000
 16 0.729 0.1234  17.74  1.116   0.0173 129.87  0.142  0.154 0.895   0.000
 17 0.763 0.1169  17.13  1.098   0.0172 128.97  0.148  0.156 0.888   0.000
 18 0.796 0.1114  16.63  1.078   0.0171 128.14  0.155  0.156 0.882   0.000
 19 0.826 0.1061  16.18  1.058   0.0171 126.80  0.161  0.156 0.877   0.000
 20 0.854 0.1013  15.81  1.037   0.0171 125.17  0.166  0.155 0.872   0.000
 21 0.880 0.0969  15.54  1.012   0.0170 123.48  0.171  0.151 0.869   0.000
 22 0.903 0.0926  15.32  0.984   0.0170 121.11  0.176  0.146 0.866   0.000
 23 0.924 0.0879  15.10  0.952   0.0171 117.66  0.180  0.142 0.863   0.000
 24 0.943 0.0833  14.89  0.911   0.0171 113.81  0.184  0.135 0.860   0.000
 25 0.959 0.0795  14.71  0.852   0.0171 110.43  0.187  0.126 0.858   0.000
 26 0.972 0.0765  14.57  0.769   0.0170 107.86  0.190  0.115 0.856   0.000
 27 0.983 0.0743  14.46  0.660   0.0169 105.97  0.192  0.102 0.851   0.000
 28 0.991 0.0727  14.38  0.524   0.0168 104.61  0.194  0.089 0.837   0.000
 29 0.997 0.0714  14.32  0.365   0.0170 103.61  0.195  0.077 0.800   0.000
 30 0.999 0.0705  14.27  0.219   0.0174 102.69  0.196  0.069 0.720   0.000
