
 ===========================================================================
 Free Tip Potential Formulation Solution:  Arbitrary blade                 
                                                  Wake adv. ratio:    0.10316
 no. blades :  2            radius(m)  :   0.3175     adv. ratio:     0.01203
 thrust(N)  :   38.1        power(W)    :   366.       torque(N-m):   1.40    
 Efficiency :  0.1042       speed(m/s) :    1.000     rpm        :   2500.000
 Eff induced:  0.1166       Eff ideal  :   0.1330     Tcoef      :   196.1337
 Tnacel(N)  :     0.0000    hub rad.(m):   0.0324     disp. rad. :    0.0324
 Tvisc(N)   :    -0.1344    Pvisc(W)   :   37.9    
 rho(kg/m3) :   1.22600     Vsound(m/s):  340.000     mu(kg/m-s) : 0.1780E-04
 ---------------------------------------------------------------------------
Helicopter:  Sigma:    0.08402  CTh/s:    0.16894  FOM:    0.72945
                Ct:    0.11002     Cp:    0.03992    J:    0.03780
                Tc:  196.13370     Pc: 1882.83105  adv:    0.01203

  i  r/R   c/R  beta(deg)  CL     Cd    REx10^3 Mach   effi  effp  na.u/U
  1 0.108 0.0913  21.53  1.514 s 0.0826  19.98  0.029 ******-0.125   0.000
  2 0.130 0.1038  26.94  1.514 s 0.0760  24.62  0.032  0.978 0.650   0.000
  3 0.166 0.1138  34.61  1.524 s 0.1424  33.44  0.040  0.554 0.576   0.000
  4 0.208 0.1254  40.87  1.532 s 0.2317  45.91  0.049  0.375 0.493   0.000
  5 0.254 0.1390  42.72  1.532 s 0.2293  61.78  0.060  0.254 0.539   0.000
  6 0.300 0.1491  39.85  1.525 s 0.1503  78.69  0.071  0.195 0.662   0.000
  7 0.347 0.1558  35.50  1.517 s 0.0766  95.50  0.082  0.158 0.803   0.000
  8 0.394 0.1587  31.68  1.509 s 0.0392 110.90  0.094  0.137 0.891   0.000
  9 0.440 0.1616  28.56  1.486   0.0219 126.65  0.105  0.114 0.939   0.000
 10 0.485 0.1623  26.03  1.418   0.0190 140.78  0.117  0.110 0.941   0.000
 11 0.530 0.1611  23.96  1.340   0.0176 152.91  0.128  0.110 0.937   0.000
 12 0.572 0.1580  22.22  1.270   0.0167 162.43  0.138  0.112 0.932   0.000
 13 0.614 0.1534  20.72  1.212   0.0161 169.37  0.149  0.114 0.926   0.000
 14 0.654 0.1484  19.46  1.162   0.0156 174.77  0.158  0.117 0.920   0.000
 15 0.692 0.1423  18.50  1.127   0.0153 177.58  0.168  0.119 0.914   0.000
 16 0.729 0.1358  17.74  1.103   0.0151 178.45  0.177  0.120 0.907   0.000
 17 0.763 0.1298  17.13  1.081   0.0150 178.76  0.185  0.121 0.902   0.000
 18 0.796 0.1247  16.63  1.058   0.0149 179.12  0.193  0.120 0.898   0.000
 19 0.826 0.1198  16.18  1.034   0.0148 178.80  0.201  0.120 0.893   0.000
 20 0.854 0.1153  15.81  1.009   0.0147 178.05  0.208  0.118 0.889   0.000
 21 0.880 0.1113  15.54  0.980   0.0146 177.16  0.214  0.115 0.887   0.000
 22 0.903 0.1073  15.32  0.946   0.0145 175.34  0.220  0.110 0.886   0.000
 23 0.924 0.1029  15.10  0.909   0.0145 172.08  0.225  0.106 0.883   0.000
 24 0.943 0.0986  14.89  0.861   0.0145 168.21  0.230  0.100 0.881   0.000
 25 0.959 0.0949  14.71  0.797   0.0144 164.80  0.233  0.094 0.879   0.000
 26 0.972 0.0921  14.57  0.712   0.0143 162.27  0.237  0.085 0.876   0.000
 27 0.983 0.0900  14.46  0.604   0.0142 160.48  0.240  0.076 0.869   0.000
 28 0.991 0.0885  14.38  0.474   0.0142 159.23  0.242  0.068 0.852   0.000
 29 0.997 0.0873  14.32  0.327   0.0144 158.32  0.244  0.060 0.814   0.000
 30 0.999 0.0864  14.27  0.195   0.0147 157.41  0.245  0.054 0.734   0.000
