
 ===========================================================================
 Free Tip Potential Formulation Solution:  Arbitrary blade                 
                                                  Wake adv. ratio:    0.09587
 no. blades :  2            radius(m)  :   0.3175     adv. ratio:     0.01504
 thrust(N)  :   20.7        power(W)   :   150.       torque(N-m):  0.715    
 Efficiency :  0.1379       speed(m/s) :    1.000     rpm        :   2000.000
 Eff induced:  0.1569       Eff ideal  :   0.1760     Tcoef      :   106.4443
 Tnacel(N)  :     0.0000    hub rad.(m):   0.0324     disp. rad. :    0.0324
 Tvisc(N)   :    -0.0794    Pvisc(W)   :   17.6    
 rho(kg/m3) :   1.22600     Vsound(m/s):  340.000     mu(kg/m-s) : 0.1780E-04
 ---------------------------------------------------------------------------
Helicopter:  Sigma:    0.06618  CTh/s:    0.18187  FOM:    0.71146
                Ct:    0.09330     Cp:    0.03196    J:    0.04724
                Tc:  106.44433     Pc:  771.81128  adv:    0.01504

  i  r/R   c/R  beta(deg)  CL     Cd    REx10^3 Mach   effi  effp  na.u/U
  1 0.108 0.0913  21.53  1.511 s 0.0725  15.82  0.023  6.137 0.320   0.000
  2 0.130 0.1038  26.94  1.510 s 0.0638  19.62  0.025  0.896 0.749   0.000
  3 0.166 0.1138  34.61  1.520 s 0.1190  26.75  0.032  0.557 0.667   0.000
  4 0.208 0.1254  40.87  1.529 s 0.2008  36.80  0.039  0.394 0.568   0.000
  5 0.254 0.1390  42.72  1.530 s 0.1993  49.61  0.048  0.276 0.605   0.000
  6 0.300 0.1491  39.85  1.523 s 0.1278  63.23  0.057  0.215 0.721   0.000
  7 0.347 0.1557  35.50  1.514 s 0.0623  76.76  0.066  0.175 0.849   0.000
  8 0.394 0.1589  31.68  1.503 s 0.0300  89.28  0.076  0.145 0.925   0.000
  9 0.440 0.1585  28.56  1.459   0.0226  99.91  0.085  0.134 0.939   0.000
 10 0.485 0.1554  26.03  1.391   0.0207 108.30  0.094  0.134 0.936   0.000
 11 0.530 0.1508  23.96  1.319   0.0196 114.87  0.102  0.136 0.931   0.000
 12 0.572 0.1442  22.22  1.260   0.0189 118.93  0.111  0.139 0.924   0.000
 13 0.614 0.1363  20.72  1.213   0.0184 120.67  0.119  0.144 0.916   0.000
 14 0.654 0.1281  19.46  1.175   0.0181 120.93  0.127  0.149 0.907   0.000
 15 0.692 0.1190  18.50  1.153   0.0181 118.95  0.134  0.154 0.898   0.000
 16 0.729 0.1095  17.74  1.143   0.0183 115.30  0.142  0.159 0.888   0.000
 17 0.763 0.1007  17.13  1.137   0.0185 111.16  0.148  0.164 0.879   0.000
 18 0.796 0.0930  16.63  1.129   0.0187 107.06  0.155  0.168 0.870   0.000
 19 0.826 0.0857  16.18  1.123   0.0190 102.48  0.161  0.172 0.861   0.000
 20 0.854 0.0790  15.81  1.117   0.0193  97.68  0.166  0.175 0.852   0.000
 21 0.880 0.0729  15.54  1.108   0.0197  92.96  0.171  0.175 0.844   0.000
 22 0.903 0.0670  15.32  1.098   0.0201  87.71  0.176  0.175 0.838   0.000
 23 0.924 0.0609  15.10  1.089   0.0206  81.56  0.180  0.175 0.830   0.000
 24 0.943 0.0551  14.89  1.073   0.0212  75.28  0.184  0.174 0.822   0.000
 25 0.959 0.0502  14.71  1.038   0.0216  69.82  0.187  0.166 0.818   0.000
 26 0.972 0.0465  14.57  0.972   0.0217  65.52  0.190  0.151 0.819   0.000
 27 0.983 0.0437  14.46  0.868   0.0216  62.22  0.192  0.130 0.823   0.000
 28 0.991 0.0415  14.38  0.719   0.0214  59.73  0.193  0.109 0.821   0.000
 29 0.997 0.0399  14.32  0.523   0.0214  57.82  0.195  0.089 0.801   0.000
 30 0.999 0.0386  14.27  0.324   0.0218  56.22  0.196  0.075 0.739   0.000
