     0.0164615    -0.0048348     0.2629333
     0.0156859    -0.0045443     0.2629333
     0.0149298    -0.0042382     0.2629333
     0.0141911    -0.0039221     0.2629333
     0.0134652    -0.0036075     0.2629333
     0.0127502    -0.0032986     0.2629333
     0.0120467    -0.0029945     0.2629333
     0.0113540    -0.0026963     0.2629333
     0.0106716    -0.0024054     0.2629333
     0.0099993    -0.0021222     0.2629333
     0.0093371    -0.0018470     0.2629333
     0.0086846    -0.0015803     0.2629333
     0.0080418    -0.0013227     0.2629333
     0.0074086    -0.0010742     0.2629333
     0.0067850    -0.0008350     0.2629333
     0.0061710    -0.0006053     0.2629333
     0.0055665    -0.0003856     0.2629333
     0.0049715    -0.0001758     0.2629333
     0.0043861     0.0000239     0.2629333
     0.0038100     0.0002129     0.2629333
     0.0032433     0.0003907     0.2629333
     0.0026862     0.0005576     0.2629333
     0.0021390     0.0007147     0.2629333
     0.0016021     0.0008627     0.2629333
     0.0010756     0.0010021     0.2629333
     0.0005598     0.0011333     0.2629333
     0.0000547     0.0012570     0.2629333
    -0.0004393     0.0013737     0.2629333
    -0.0009222     0.0014838     0.2629333
    -0.0013939     0.0015876     0.2629333
    -0.0018543     0.0016853     0.2629333
    -0.0023034     0.0017769     0.2629333
    -0.0027410     0.0018628     0.2629333
    -0.0031672     0.0019431     0.2629333
    -0.0035819     0.0020178     0.2629333
    -0.0039850     0.0020873     0.2629333
    -0.0043764     0.0021517     0.2629333
    -0.0047561     0.0022112     0.2629333
    -0.0051241     0.0022659     0.2629333
    -0.0054804     0.0023159     0.2629333
    -0.0058248     0.0023613     0.2629333
    -0.0061574     0.0024022     0.2629333
    -0.0064780     0.0024387     0.2629333
    -0.0067868     0.0024708     0.2629333
    -0.0070836     0.0024985     0.2629333
    -0.0073683     0.0025221     0.2629333
    -0.0076411     0.0025416     0.2629333
    -0.0079017     0.0025574     0.2629333
    -0.0081502     0.0025693     0.2629333
    -0.0083865     0.0025771     0.2629333
    -0.0086106     0.0025806     0.2629333
    -0.0088224     0.0025799     0.2629333
    -0.0090219     0.0025753     0.2629333
    -0.0092089     0.0025675     0.2629333
    -0.0093833     0.0025566     0.2629333
    -0.0095449     0.0025398     0.2629333
    -0.0096932     0.0025135     0.2629333
    -0.0098251     0.0024755     0.2629333
    -0.0099406     0.0024144     0.2629333
    -0.0100227     0.0023292     0.2629333
    -0.0100379     0.0022545     0.2629333
    -0.0099650     0.0021771     0.2629333
    -0.0098376     0.0020991     0.2629333
    -0.0096788     0.0020349     0.2629333
    -0.0094918     0.0019696     0.2629333
    -0.0092827     0.0019019     0.2629333
    -0.0090540     0.0018298     0.2629333
    -0.0088074     0.0017513     0.2629333
    -0.0085432     0.0016664     0.2629333
    -0.0082615     0.0015751     0.2629333
    -0.0079621     0.0014778     0.2629333
    -0.0076454     0.0013741     0.2629333
    -0.0073117     0.0012631     0.2629333
    -0.0069614     0.0011443     0.2629333
    -0.0065944     0.0010185     0.2629333
    -0.0062105     0.0008866     0.2629333
    -0.0058097     0.0007494     0.2629333
    -0.0053921     0.0006064     0.2629333
    -0.0049580     0.0004569     0.2629333
    -0.0045075     0.0003005     0.2629333
    -0.0040408     0.0001372     0.2629333
    -0.0035578    -0.0000329     0.2629333
    -0.0030586    -0.0002096     0.2629333
    -0.0025433    -0.0003931     0.2629333
    -0.0020120    -0.0005834     0.2629333
    -0.0014647    -0.0007801     0.2629333
    -0.0009011    -0.0009831     0.2629333
    -0.0003216    -0.0011922     0.2629333
     0.0002741    -0.0014074     0.2629333
     0.0008857    -0.0016287     0.2629333
     0.0015134    -0.0018558     0.2629333
     0.0021570    -0.0020888     0.2629333
     0.0027902    -0.0023096     0.2629333
     0.0033460    -0.0024767     0.2629333
     0.0038250    -0.0025916     0.2629333
     0.0042318    -0.0026587     0.2629333
     0.0045729    -0.0026837     0.2629333
     0.0048561    -0.0026735     0.2629333
     0.0050910    -0.0026363     0.2629333
     0.0052888    -0.0025813     0.2629333
     0.0054628    -0.0025191     0.2629333
     0.0056278    -0.0024624     0.2629333
     0.0058008    -0.0024265     0.2629333
     0.0060008    -0.0024284     0.2629333
     0.0062492    -0.0024866     0.2629333
     0.0065696    -0.0026214     0.2629333
     0.0069885    -0.0028551     0.2629333
     0.0075524    -0.0032094     0.2629333
     0.0084888    -0.0034628     0.2629333
     0.0094701    -0.0036643     0.2629333
     0.0104724    -0.0038548     0.2629333
     0.0114933    -0.0040429     0.2629333
     0.0125312    -0.0042353     0.2629333
     0.0135860    -0.0044332     0.2629333
     0.0146582    -0.0046337     0.2629333
     0.0157472    -0.0048411     0.2629333
     0.0168474    -0.0050801     0.2629333
     0.0179579    -0.0053544     0.2629333
     0.0190849    -0.0056352     0.2629333
     0.0202313    -0.0059096     0.2629333
