     0.0000412    -0.0050673     0.1311995
    -0.0004338    -0.0047704     0.1311995
    -0.0008936    -0.0044658     0.1311995
    -0.0013406    -0.0041570     0.1311995
    -0.0017792    -0.0038509     0.1311995
    -0.0022113    -0.0035500     0.1311995
    -0.0026366    -0.0032539     0.1311995
    -0.0030554    -0.0029631     0.1311995
    -0.0034684    -0.0026786     0.1311995
    -0.0038757    -0.0024005     0.1311995
    -0.0042774    -0.0021291     0.1311995
    -0.0046739    -0.0018647     0.1311995
    -0.0050651    -0.0016075     0.1311995
    -0.0054512    -0.0013577     0.1311995
    -0.0058322    -0.0011153     0.1311995
    -0.0062082    -0.0008805     0.1311995
    -0.0065792    -0.0006536     0.1311995
    -0.0069452    -0.0004345     0.1311995
    -0.0073063    -0.0002234     0.1311995
    -0.0076626    -0.0000207     0.1311995
    -0.0080143     0.0001734     0.1311995
    -0.0083611     0.0003590     0.1311995
    -0.0087027     0.0005367     0.1311995
    -0.0090387     0.0007070     0.1311995
    -0.0093689     0.0008703     0.1311995
    -0.0096932     0.0010267     0.1311995
    -0.0100114     0.0011766     0.1311995
    -0.0103232     0.0013205     0.1311995
    -0.0106285     0.0014585     0.1311995
    -0.0109273     0.0015908     0.1311995
    -0.0112194     0.0017175     0.1311995
    -0.0115048     0.0018387     0.1311995
    -0.0117834     0.0019546     0.1311995
    -0.0120552     0.0020652     0.1311995
    -0.0123201     0.0021705     0.1311995
    -0.0125780     0.0022709     0.1311995
    -0.0128289     0.0023663     0.1311995
    -0.0130727     0.0024569     0.1311995
    -0.0133094     0.0025427     0.1311995
    -0.0135389     0.0026238     0.1311995
    -0.0137612     0.0027003     0.1311995
    -0.0139763     0.0027722     0.1311995
    -0.0141841     0.0028396     0.1311995
    -0.0143846     0.0029024     0.1311995
    -0.0145777     0.0029608     0.1311995
    -0.0147634     0.0030148     0.1311995
    -0.0149417     0.0030645     0.1311995
    -0.0151125     0.0031100     0.1311995
    -0.0152758     0.0031514     0.1311995
    -0.0154315     0.0031885     0.1311995
    -0.0155798     0.0032210     0.1311995
    -0.0157204     0.0032490     0.1311995
    -0.0158534     0.0032729     0.1311995
    -0.0159786     0.0032929     0.1311995
    -0.0160959     0.0033092     0.1311995
    -0.0162054     0.0033199     0.1311995
    -0.0163074     0.0033224     0.1311995
    -0.0164002     0.0033151     0.1311995
    -0.0164853     0.0032902     0.1311995
    -0.0165516     0.0032447     0.1311995
    -0.0163864     0.0034349     0.1311995
    -0.0157725     0.0036821     0.1311995
    -0.0150055     0.0038353     0.1311995
    -0.0141257     0.0039295     0.1311995
    -0.0131418     0.0039183     0.1311995
    -0.0120705     0.0038156     0.1311995
    -0.0109196     0.0036359     0.1311995
    -0.0096928     0.0033920     0.1311995
    -0.0083930     0.0030809     0.1311995
    -0.0070229     0.0026997     0.1311995
    -0.0055844     0.0022482     0.1311995
    -0.0040813     0.0017207     0.1311995
    -0.0025190     0.0011080     0.1311995
    -0.0009000     0.0004102     0.1311995
     0.0007773    -0.0003643     0.1311995
     0.0025168    -0.0012037     0.1311995
     0.0043211    -0.0021015     0.1311995
     0.0061867    -0.0030640     0.1311995
     0.0081085    -0.0040995     0.1311995
     0.0100827    -0.0052134     0.1311995
     0.0121084    -0.0064052     0.1311995
     0.0141858    -0.0076731     0.1311995
     0.0163137    -0.0090177     0.1311995
     0.0184895    -0.0104415     0.1311995
     0.0207115    -0.0119457     0.1311995
     0.0229804    -0.0135281     0.1311995
     0.0252977    -0.0151857     0.1311995
     0.0276625    -0.0169187     0.1311995
     0.0300735    -0.0187282     0.1311995
     0.0325298    -0.0206145     0.1311995
     0.0350309    -0.0225775     0.1311995
     0.0375748    -0.0246180     0.1311995
     0.0398470    -0.0264123     0.1311995
     0.0410366    -0.0271899     0.1311995
     0.0411423    -0.0269779     0.1311995
     0.0402161    -0.0258586     0.1311995
     0.0383271    -0.0239346     0.1311995
     0.0355623    -0.0213301     0.1311995
     0.0320276    -0.0181922     0.1311995
     0.0278498    -0.0146924     0.1311995
     0.0231765    -0.0110275     0.1311995
     0.0181784    -0.0074217     0.1311995
     0.0130495    -0.0041286     0.1311995
     0.0080089    -0.0014316     0.1311995
     0.0033024     0.0003544     0.1311995
    -0.0007966     0.0008817     0.1311995
    -0.0039855    -0.0002322     0.1311995
    -0.0056767    -0.0034184     0.1311995
    -0.0020631    -0.0062522     0.1311995
     0.0021598    -0.0084606     0.1311995
     0.0065462    -0.0105327     0.1311995
     0.0110406    -0.0125713     0.1311995
     0.0156107    -0.0146452     0.1311995
     0.0202562    -0.0167547     0.1311995
     0.0249781    -0.0188979     0.1311995
     0.0297750    -0.0210782     0.1311995
     0.0346399    -0.0233108     0.1311995
     0.0395718    -0.0255982     0.1311995
     0.0445786    -0.0279222     0.1311995
     0.0496642    -0.0302745     0.1311995
