     0.0161682    -0.0044121     0.2794000
     0.0154366    -0.0041470     0.2794000
     0.0147233    -0.0038672     0.2794000
     0.0140262    -0.0035777     0.2794000
     0.0133410    -0.0032895     0.2794000
     0.0126663    -0.0030066     0.2794000
     0.0120023    -0.0027281     0.2794000
     0.0113486    -0.0024549     0.2794000
     0.0107046    -0.0021886     0.2794000
     0.0100702    -0.0019293     0.2794000
     0.0094453    -0.0016775     0.2794000
     0.0088297    -0.0014336     0.2794000
     0.0082232    -0.0011981     0.2794000
     0.0076259    -0.0009711     0.2794000
     0.0070377    -0.0007527     0.2794000
     0.0064586    -0.0005432     0.2794000
     0.0058885    -0.0003429     0.2794000
     0.0053275    -0.0001519     0.2794000
     0.0047755     0.0000298     0.2794000
     0.0042325     0.0002015     0.2794000
     0.0036983     0.0003628     0.2794000
     0.0031733     0.0005139     0.2794000
     0.0026577     0.0006559     0.2794000
     0.0021518     0.0007895     0.2794000
     0.0016559     0.0009151     0.2794000
     0.0011700     0.0010332     0.2794000
     0.0006943     0.0011442     0.2794000
     0.0002290     0.0012488     0.2794000
    -0.0002257     0.0013474     0.2794000
    -0.0006698     0.0014401     0.2794000
    -0.0011033     0.0015272     0.2794000
    -0.0015261     0.0016088     0.2794000
    -0.0019380     0.0016850     0.2794000
    -0.0023392     0.0017561     0.2794000
    -0.0027295     0.0018221     0.2794000
    -0.0031088     0.0018833     0.2794000
    -0.0034771     0.0019398     0.2794000
    -0.0038344     0.0019919     0.2794000
    -0.0041807     0.0020395     0.2794000
    -0.0045158     0.0020829     0.2794000
    -0.0048398     0.0021220     0.2794000
    -0.0051526     0.0021571     0.2794000
    -0.0054542     0.0021881     0.2794000
    -0.0057445     0.0022151     0.2794000
    -0.0060236     0.0022381     0.2794000
    -0.0062913     0.0022574     0.2794000
    -0.0065477     0.0022730     0.2794000
    -0.0067927     0.0022852     0.2794000
    -0.0070262     0.0022939     0.2794000
    -0.0072483     0.0022988     0.2794000
    -0.0074588     0.0022998     0.2794000
    -0.0076577     0.0022970     0.2794000
    -0.0078450     0.0022907     0.2794000
    -0.0080206     0.0022814     0.2794000
    -0.0081844     0.0022694     0.2794000
    -0.0083360     0.0022520     0.2794000
    -0.0084750     0.0022258     0.2794000
    -0.0085984     0.0021888     0.2794000
    -0.0087063     0.0021302     0.2794000
    -0.0087826     0.0020494     0.2794000
    -0.0088051     0.0019601     0.2794000
    -0.0087704     0.0018586     0.2794000
    -0.0086935     0.0017613     0.2794000
    -0.0085945     0.0016801     0.2794000
    -0.0084763     0.0016038     0.2794000
    -0.0083435     0.0015303     0.2794000
    -0.0081979     0.0014567     0.2794000
    -0.0080407     0.0013802     0.2794000
    -0.0078720     0.0013010     0.2794000
    -0.0076917     0.0012194     0.2794000
    -0.0074998     0.0011359     0.2794000
    -0.0072961     0.0010504     0.2794000
    -0.0070809     0.0009627     0.2794000
    -0.0068543     0.0008726     0.2794000
    -0.0066163     0.0007799     0.2794000
    -0.0063668     0.0006850     0.2794000
    -0.0061058     0.0005880     0.2794000
    -0.0058333     0.0004889     0.2794000
    -0.0055493     0.0003878     0.2794000
    -0.0052538     0.0002846     0.2794000
    -0.0049469     0.0001791     0.2794000
    -0.0046285     0.0000717     0.2794000
    -0.0042987    -0.0000378     0.2794000
    -0.0039573    -0.0001491     0.2794000
    -0.0036044    -0.0002621     0.2794000
    -0.0032399    -0.0003767     0.2794000
    -0.0028638    -0.0004929     0.2794000
    -0.0024762    -0.0006106     0.2794000
    -0.0020769    -0.0007296     0.2794000
    -0.0016660    -0.0008499     0.2794000
    -0.0012434    -0.0009713     0.2794000
    -0.0008091    -0.0010936     0.2794000
    -0.0003631    -0.0012167     0.2794000
     0.0000946    -0.0013405     0.2794000
     0.0005643    -0.0014645     0.2794000
     0.0010458    -0.0015884     0.2794000
     0.0015394    -0.0017117     0.2794000
     0.0020451    -0.0018340     0.2794000
     0.0025630    -0.0019547     0.2794000
     0.0030933    -0.0020733     0.2794000
     0.0036359    -0.0021890     0.2794000
     0.0041910    -0.0023012     0.2794000
     0.0047584    -0.0024107     0.2794000
     0.0053379    -0.0025181     0.2794000
     0.0059294    -0.0026237     0.2794000
     0.0065329    -0.0027278     0.2794000
     0.0071483    -0.0028306     0.2794000
     0.0077755    -0.0029324     0.2794000
     0.0084145    -0.0030338     0.2794000
     0.0090651    -0.0031352     0.2794000
     0.0097273    -0.0032371     0.2794000
     0.0104009    -0.0033403     0.2794000
     0.0110858    -0.0034463     0.2794000
     0.0117816    -0.0035563     0.2794000
     0.0124891    -0.0036674     0.2794000
     0.0132075    -0.0037839     0.2794000
     0.0139318    -0.0039288     0.2794000
     0.0146614    -0.0041057     0.2794000
     0.0154017    -0.0042875     0.2794000
     0.0161553    -0.0044620     0.2794000
