    -0.0096779    -0.0009807     0.0323992
    -0.0096791    -0.0009832     0.0323992
    -0.0096804    -0.0009857     0.0323992
    -0.0096815    -0.0009882     0.0323992
    -0.0096827    -0.0009906     0.0323992
    -0.0096838    -0.0009930     0.0323992
    -0.0096849    -0.0009954     0.0323992
    -0.0096860    -0.0009977     0.0323992
    -0.0096870    -0.0010001     0.0323992
    -0.0096881    -0.0010023     0.0323992
    -0.0096891    -0.0010046     0.0323992
    -0.0096900    -0.0010068     0.0323992
    -0.0096910    -0.0010090     0.0323992
    -0.0096919    -0.0010111     0.0323992
    -0.0096928    -0.0010132     0.0323992
    -0.0096937    -0.0010153     0.0323992
    -0.0096946    -0.0010173     0.0323992
    -0.0096954    -0.0010193     0.0323992
    -0.0096962    -0.0010213     0.0323992
    -0.0096970    -0.0010232     0.0323992
    -0.0096978    -0.0010251     0.0323992
    -0.0096986    -0.0010269     0.0323992
    -0.0096993    -0.0010288     0.0323992
    -0.0097000    -0.0010305     0.0323992
    -0.0097007    -0.0010323     0.0323992
    -0.0097014    -0.0010340     0.0323992
    -0.0097020    -0.0010357     0.0323992
    -0.0097027    -0.0010373     0.0323992
    -0.0097033    -0.0010389     0.0323992
    -0.0097039    -0.0010405     0.0323992
    -0.0097045    -0.0010420     0.0323992
    -0.0097050    -0.0010435     0.0323992
    -0.0097056    -0.0010449     0.0323992
    -0.0097061    -0.0010463     0.0323992
    -0.0097066    -0.0010477     0.0323992
    -0.0097071    -0.0010490     0.0323992
    -0.0097076    -0.0010503     0.0323992
    -0.0097080    -0.0010516     0.0323992
    -0.0097085    -0.0010528     0.0323992
    -0.0097089    -0.0010540     0.0323992
    -0.0097093    -0.0010551     0.0323992
    -0.0097097    -0.0010562     0.0323992
    -0.0097101    -0.0010572     0.0323992
    -0.0097104    -0.0010583     0.0323992
    -0.0097108    -0.0010592     0.0323992
    -0.0097111    -0.0010602     0.0323992
    -0.0097114    -0.0010611     0.0323992
    -0.0097117    -0.0010619     0.0323992
    -0.0097120    -0.0010628     0.0323992
    -0.0097123    -0.0010635     0.0323992
    -0.0097125    -0.0010643     0.0323992
    -0.0097128    -0.0010650     0.0323992
    -0.0097130    -0.0010656     0.0323992
    -0.0097132    -0.0010662     0.0323992
    -0.0097134    -0.0010668     0.0323992
    -0.0097136    -0.0010674     0.0323992
    -0.0097138    -0.0010679     0.0323992
    -0.0097139    -0.0010683     0.0323992
    -0.0097141    -0.0010687     0.0323992
    -0.0097142    -0.0010691     0.0323992
    -0.0095704    -0.0008202     0.0323992
    -0.0090672    -0.0004524     0.0323992
    -0.0084420    -0.0001504     0.0323992
    -0.0077231     0.0001034     0.0323992
    -0.0069101     0.0002734     0.0323992
    -0.0060166     0.0003710     0.0323992
    -0.0050501     0.0004102     0.0323992
    -0.0040146     0.0004037     0.0323992
    -0.0029123     0.0003484     0.0323992
    -0.0017454     0.0002410     0.0323992
    -0.0005156     0.0000809     0.0323992
     0.0007743    -0.0001375     0.0323992
     0.0021209    -0.0004231     0.0323992
     0.0035219    -0.0007758     0.0323992
     0.0049777    -0.0011879     0.0323992
     0.0064903    -0.0016486     0.0323992
     0.0080612    -0.0021515     0.0323992
     0.0096879    -0.0027029     0.0323992
     0.0113671    -0.0033110     0.0323992
     0.0130958    -0.0039811     0.0323992
     0.0148735    -0.0047127     0.0323992
     0.0166999    -0.0055042     0.0323992
     0.0185739    -0.0063565     0.0323992
     0.0204936    -0.0072722     0.0323992
     0.0224577    -0.0082526     0.0323992
     0.0244664    -0.0092958     0.0323992
     0.0265205    -0.0103989     0.0323992
     0.0286195    -0.0115623     0.0323992
     0.0307622    -0.0127871     0.0323992
     0.0329478    -0.0140739     0.0323992
     0.0351759    -0.0154226     0.0323992
     0.0374446    -0.0168346     0.0323992
     0.0394303    -0.0180583     0.0323992
     0.0403063    -0.0185035     0.0323992
     0.0400747    -0.0181951     0.0323992
     0.0387927    -0.0172006     0.0323992
     0.0365353    -0.0156039     0.0323992
     0.0333962    -0.0135061     0.0323992
     0.0294895    -0.0110263     0.0323992
     0.0249503    -0.0083031     0.0323992
     0.0199366    -0.0054953     0.0323992
     0.0146300    -0.0027834     0.0323992
     0.0092370    -0.0003703     0.0323992
     0.0039909     0.0015170     0.0323992
    -0.0008476     0.0026268     0.0323992
    -0.0049884     0.0026810     0.0323992
    -0.0081113     0.0013742     0.0323992
    -0.0096331    -0.0016070     0.0323992
    -0.0064365    -0.0036004     0.0323992
    -0.0027787    -0.0049538     0.0323992
     0.0010014    -0.0061631     0.0323992
     0.0048670    -0.0073271     0.0323992
     0.0087980    -0.0085109     0.0323992
     0.0127944    -0.0097141     0.0323992
     0.0168562    -0.0109366     0.0323992
     0.0209832    -0.0121790     0.0323992
     0.0251756    -0.0134409     0.0323992
     0.0294333    -0.0147225     0.0323992
     0.0337563    -0.0160238     0.0323992
     0.0381447    -0.0173448     0.0323992
