    -0.0105713     0.0014930     0.0488659
    -0.0106237     0.0015350     0.0488659
    -0.0106741     0.0015775     0.0488659
    -0.0107228     0.0016204     0.0488659
    -0.0107706     0.0016628     0.0488659
    -0.0108177     0.0017044     0.0488659
    -0.0108641     0.0017454     0.0488659
    -0.0109097     0.0017857     0.0488659
    -0.0109548     0.0018251     0.0488659
    -0.0109992     0.0018638     0.0488659
    -0.0110431     0.0019015     0.0488659
    -0.0110865     0.0019383     0.0488659
    -0.0111294     0.0019743     0.0488659
    -0.0111717     0.0020092     0.0488659
    -0.0112136     0.0020433     0.0488659
    -0.0112550     0.0020763     0.0488659
    -0.0112959     0.0021084     0.0488659
    -0.0113364     0.0021395     0.0488659
    -0.0113764     0.0021696     0.0488659
    -0.0114159     0.0021986     0.0488659
    -0.0114551     0.0022266     0.0488659
    -0.0114937     0.0022534     0.0488659
    -0.0115319     0.0022793     0.0488659
    -0.0115696     0.0023043     0.0488659
    -0.0116067     0.0023283     0.0488659
    -0.0116431     0.0023514     0.0488659
    -0.0116790     0.0023737     0.0488659
    -0.0117142     0.0023952     0.0488659
    -0.0117487     0.0024159     0.0488659
    -0.0117825     0.0024359     0.0488659
    -0.0118156     0.0024550     0.0488659
    -0.0118480     0.0024735     0.0488659
    -0.0118796     0.0024912     0.0488659
    -0.0119105     0.0025082     0.0488659
    -0.0119407     0.0025244     0.0488659
    -0.0119701     0.0025400     0.0488659
    -0.0119988     0.0025549     0.0488659
    -0.0120267     0.0025692     0.0488659
    -0.0120538     0.0025827     0.0488659
    -0.0120801     0.0025956     0.0488659
    -0.0121056     0.0026079     0.0488659
    -0.0121304     0.0026195     0.0488659
    -0.0121543     0.0026305     0.0488659
    -0.0121774     0.0026408     0.0488659
    -0.0121998     0.0026505     0.0488659
    -0.0122213     0.0026596     0.0488659
    -0.0122419     0.0026681     0.0488659
    -0.0122618     0.0026759     0.0488659
    -0.0122808     0.0026832     0.0488659
    -0.0122990     0.0026899     0.0488659
    -0.0123164     0.0026959     0.0488659
    -0.0123329     0.0027012     0.0488659
    -0.0123485     0.0027060     0.0488659
    -0.0123633     0.0027102     0.0488659
    -0.0123772     0.0027139     0.0488659
    -0.0123903     0.0027167     0.0488659
    -0.0124026     0.0027185     0.0488659
    -0.0124140     0.0027190     0.0488659
    -0.0124248     0.0027174     0.0488659
    -0.0124338     0.0027129     0.0488659
    -0.0121790     0.0029458     0.0488659
    -0.0114551     0.0031839     0.0488659
    -0.0106088     0.0032993     0.0488659
    -0.0096681     0.0033245     0.0488659
    -0.0086458     0.0032170     0.0488659
    -0.0075544     0.0029948     0.0488659
    -0.0063978     0.0026772     0.0488659
    -0.0051762     0.0022802     0.0488659
    -0.0038933     0.0018009     0.0488659
    -0.0025527     0.0012364     0.0488659
    -0.0011569     0.0005867     0.0488659
     0.0002890    -0.0001539     0.0488659
     0.0017776    -0.0009946     0.0488659
     0.0033065    -0.0019343     0.0488659
     0.0048785    -0.0029642     0.0488659
     0.0065004    -0.0040723     0.0488659
     0.0081759    -0.0052519     0.0488659
     0.0099001    -0.0065092     0.0488659
     0.0116658    -0.0078526     0.0488659
     0.0134679    -0.0092874     0.0488659
     0.0153057    -0.0108126     0.0488659
     0.0171796    -0.0124265     0.0488659
     0.0190880    -0.0141295     0.0488659
     0.0210277    -0.0159241     0.0488659
     0.0229965    -0.0178113     0.0488659
     0.0249956    -0.0197887     0.0488659
     0.0270270    -0.0218536     0.0488659
     0.0290898    -0.0240060     0.0488659
     0.0311823    -0.0262469     0.0488659
     0.0333033    -0.0285765     0.0488659
     0.0354524    -0.0309948     0.0488659
     0.0376270    -0.0335024     0.0488659
     0.0395394    -0.0356864     0.0488659
     0.0404363    -0.0365528     0.0488659
     0.0403111    -0.0361315     0.0488659
     0.0392060    -0.0345225     0.0488659
     0.0371785    -0.0318516     0.0488659
     0.0343015    -0.0282714     0.0488659
     0.0306652    -0.0239633     0.0488659
     0.0263776    -0.0191389     0.0488659
     0.0215656    -0.0140422     0.0488659
     0.0163762    -0.0089510     0.0488659
     0.0109775    -0.0041788     0.0488659
     0.0055600    -0.0000767     0.0488659
     0.0003373     0.0029647     0.0488659
    -0.0044523     0.0045135     0.0488659
    -0.0085447     0.0040946     0.0488659
    -0.0113709     0.0011277     0.0488659
    -0.0083041    -0.0024054     0.0488659
    -0.0044618    -0.0053571     0.0488659
    -0.0004226    -0.0081849     0.0488659
     0.0037343    -0.0109915     0.0488659
     0.0079614    -0.0138456     0.0488659
     0.0122587    -0.0167470     0.0488659
     0.0166267    -0.0196954     0.0488659
     0.0210646    -0.0226918     0.0488659
     0.0255714    -0.0257374     0.0488659
     0.0301471    -0.0288327     0.0488659
     0.0347929    -0.0319756     0.0488659
     0.0395093    -0.0351653     0.0488659
