    -0.0096292     0.0014892     0.0653327
    -0.0097344     0.0015985     0.0653327
    -0.0098350     0.0017087     0.0653327
    -0.0099319     0.0018192     0.0653327
    -0.0100269     0.0019284     0.0653327
    -0.0101204     0.0020357     0.0653327
    -0.0102125     0.0021414     0.0653327
    -0.0103032     0.0022452     0.0653327
    -0.0103928     0.0023471     0.0653327
    -0.0104813     0.0024468     0.0653327
    -0.0105689     0.0025444     0.0653327
    -0.0106555     0.0026399     0.0653327
    -0.0107412     0.0027331     0.0653327
    -0.0108261     0.0028241     0.0653327
    -0.0109101     0.0029127     0.0653327
    -0.0109933     0.0029991     0.0653327
    -0.0110757     0.0030831     0.0653327
    -0.0111574     0.0031647     0.0653327
    -0.0112383     0.0032439     0.0653327
    -0.0113185     0.0033206     0.0653327
    -0.0113981     0.0033947     0.0653327
    -0.0114769     0.0034663     0.0653327
    -0.0115550     0.0035355     0.0653327
    -0.0116320     0.0036024     0.0653327
    -0.0117080     0.0036670     0.0653327
    -0.0117830     0.0037295     0.0653327
    -0.0118567     0.0037899     0.0653327
    -0.0119292     0.0038483     0.0653327
    -0.0120004     0.0039047     0.0653327
    -0.0120702     0.0039592     0.0653327
    -0.0121387     0.0040118     0.0653327
    -0.0122057     0.0040625     0.0653327
    -0.0122714     0.0041113     0.0653327
    -0.0123356     0.0041583     0.0653327
    -0.0123983     0.0042035     0.0653327
    -0.0124595     0.0042470     0.0653327
    -0.0125193     0.0042886     0.0653327
    -0.0125775     0.0043286     0.0653327
    -0.0126341     0.0043668     0.0653327
    -0.0126891     0.0044033     0.0653327
    -0.0127426     0.0044381     0.0653327
    -0.0127945     0.0044712     0.0653327
    -0.0128448     0.0045027     0.0653327
    -0.0128934     0.0045325     0.0653327
    -0.0129404     0.0045606     0.0653327
    -0.0129858     0.0045872     0.0653327
    -0.0130295     0.0046120     0.0653327
    -0.0130715     0.0046354     0.0653327
    -0.0131117     0.0046571     0.0653327
    -0.0131504     0.0046771     0.0653327
    -0.0131873     0.0046955     0.0653327
    -0.0132225     0.0047123     0.0653327
    -0.0132560     0.0047274     0.0653327
    -0.0132878     0.0047410     0.0653327
    -0.0133176     0.0047531     0.0653327
    -0.0133459     0.0047632     0.0653327
    -0.0133727     0.0047707     0.0653327
    -0.0133978     0.0047750     0.0653327
    -0.0134220     0.0047742     0.0653327
    -0.0134428     0.0047667     0.0653327
    -0.0131578     0.0049759     0.0653327
    -0.0123768     0.0051364     0.0653327
    -0.0114767     0.0051539     0.0653327
    -0.0104848     0.0050674     0.0653327
    -0.0094197     0.0048328     0.0653327
    -0.0082931     0.0044704     0.0653327
    -0.0071073     0.0040006     0.0653327
    -0.0058611     0.0034399     0.0653327
    -0.0045586     0.0027858     0.0653327
    -0.0032039     0.0020357     0.0653327
    -0.0017996     0.0011898     0.0653327
    -0.0003516     0.0002426     0.0653327
     0.0011313    -0.0008145     0.0653327
     0.0026465    -0.0019803     0.0653327
     0.0041984    -0.0032459     0.0653327
     0.0057949    -0.0045994     0.0653327
     0.0074408    -0.0060341     0.0653327
     0.0091303    -0.0075560     0.0653327
     0.0108550    -0.0091733     0.0653327
     0.0126089    -0.0108907     0.0653327
     0.0143915    -0.0127073     0.0653327
     0.0162033    -0.0146212     0.0653327
     0.0180426    -0.0166329     0.0653327
     0.0199058    -0.0187444     0.0653327
     0.0217905    -0.0209565     0.0653327
     0.0236983    -0.0232671     0.0653327
     0.0256316    -0.0256733     0.0653327
     0.0275893    -0.0281750     0.0653327
     0.0295695    -0.0307733     0.0653327
     0.0315712    -0.0334681     0.0653327
     0.0335938    -0.0362592     0.0653327
     0.0356345    -0.0391472     0.0653327
     0.0374366    -0.0416693     0.0653327
     0.0383185    -0.0427051     0.0653327
     0.0382700    -0.0422851     0.0653327
     0.0373248    -0.0405185     0.0653327
     0.0355293    -0.0375430     0.0653327
     0.0329438    -0.0335259     0.0653327
     0.0296430    -0.0286665     0.0653327
     0.0257173    -0.0231979     0.0653327
     0.0212736    -0.0173887     0.0653327
     0.0164359    -0.0115451     0.0653327
     0.0113464    -0.0060131     0.0653327
     0.0061666    -0.0011805     0.0653327
     0.0010784     0.0025214     0.0653327
    -0.0037152     0.0046151     0.0653327
    -0.0079889     0.0045755     0.0653327
    -0.0112096     0.0017346     0.0653327
    -0.0083253    -0.0023295     0.0653327
    -0.0045665    -0.0058690     0.0653327
    -0.0005876    -0.0093005     0.0653327
     0.0035178    -0.0127230     0.0653327
     0.0076925    -0.0162036     0.0653327
     0.0119363    -0.0197421     0.0653327
     0.0162501    -0.0233380     0.0653327
     0.0206326    -0.0269925     0.0653327
     0.0250812    -0.0307088     0.0653327
     0.0295953    -0.0344877     0.0653327
     0.0341785    -0.0383249     0.0653327
     0.0388322    -0.0422186     0.0653327
