     0.0033410    -0.0057366     0.1476663
     0.0027742    -0.0054194     0.1476663
     0.0022244    -0.0050925     0.1476663
     0.0016894    -0.0047599     0.1476663
     0.0011641    -0.0044300     0.1476663
     0.0006466    -0.0041059     0.1476663
     0.0001374    -0.0037868     0.1476663
    -0.0003641    -0.0034736     0.1476663
    -0.0008585    -0.0031672     0.1476663
    -0.0013459    -0.0028680     0.1476663
    -0.0018266    -0.0025762     0.1476663
    -0.0023007    -0.0022922     0.1476663
    -0.0027683    -0.0020164     0.1476663
    -0.0032296    -0.0017487     0.1476663
    -0.0036845    -0.0014894     0.1476663
    -0.0041332    -0.0012386     0.1476663
    -0.0045757    -0.0009966     0.1476663
    -0.0050121    -0.0007635     0.1476663
    -0.0054422    -0.0005393     0.1476663
    -0.0058663    -0.0003245     0.1476663
    -0.0062845    -0.0001195     0.1476663
    -0.0066967     0.0000759     0.1476663
    -0.0071022     0.0002626     0.1476663
    -0.0075010     0.0004410     0.1476663
    -0.0078926     0.0006115     0.1476663
    -0.0082770     0.0007744     0.1476663
    -0.0086539     0.0009302     0.1476663
    -0.0090232     0.0010792     0.1476663
    -0.0093846     0.0012219     0.1476663
    -0.0097380     0.0013583     0.1476663
    -0.0100834     0.0014886     0.1476663
    -0.0104208     0.0016130     0.1476663
    -0.0107500     0.0017314     0.1476663
    -0.0110710     0.0018442     0.1476663
    -0.0113837     0.0019514     0.1476663
    -0.0116880     0.0020531     0.1476663
    -0.0119839     0.0021494     0.1476663
    -0.0122714     0.0022406     0.1476663
    -0.0125503     0.0023267     0.1476663
    -0.0128207     0.0024077     0.1476663
    -0.0130824     0.0024837     0.1476663
    -0.0133355     0.0025549     0.1476663
    -0.0135799     0.0026213     0.1476663
    -0.0138156     0.0026828     0.1476663
    -0.0140425     0.0027395     0.1476663
    -0.0142606     0.0027916     0.1476663
    -0.0144699     0.0028391     0.1476663
    -0.0146702     0.0028823     0.1476663
    -0.0148616     0.0029210     0.1476663
    -0.0150440     0.0029551     0.1476663
    -0.0152175     0.0029844     0.1476663
    -0.0153819     0.0030090     0.1476663
    -0.0155372     0.0030292     0.1476663
    -0.0156833     0.0030453     0.1476663
    -0.0158200     0.0030576     0.1476663
    -0.0159474     0.0030638     0.1476663
    -0.0160657     0.0030609     0.1476663
    -0.0161726     0.0030472     0.1476663
    -0.0162697     0.0030135     0.1476663
    -0.0163439     0.0029572     0.1476663
    -0.0162137     0.0031155     0.1476663
    -0.0156795     0.0033397     0.1476663
    -0.0149975     0.0034870     0.1476663
    -0.0142086     0.0035897     0.1476663
    -0.0133192     0.0036043     0.1476663
    -0.0123457     0.0035420     0.1476663
    -0.0112961     0.0034149     0.1476663
    -0.0101745     0.0032336     0.1476663
    -0.0089834     0.0029952     0.1476663
    -0.0077249     0.0026972     0.1476663
    -0.0064008     0.0023395     0.1476663
    -0.0050141     0.0019167     0.1476663
    -0.0035692     0.0014205     0.1476663
    -0.0020683     0.0008509     0.1476663
    -0.0005105     0.0002153     0.1476663
     0.0011073    -0.0004757     0.1476663
     0.0027870    -0.0012161     0.1476663
     0.0045258    -0.0020117     0.1476663
     0.0063196    -0.0028700     0.1476663
     0.0081652    -0.0037960     0.1476663
     0.0100619    -0.0047893     0.1476663
     0.0120098    -0.0058482     0.1476663
     0.0140078    -0.0069734     0.1476663
     0.0160537    -0.0081671     0.1476663
     0.0181462    -0.0094304     0.1476663
     0.0202857    -0.0107613     0.1476663
     0.0224735    -0.0121572     0.1476663
     0.0247087    -0.0136182     0.1476663
     0.0269902    -0.0151453     0.1476663
     0.0293174    -0.0167388     0.1476663
     0.0316898    -0.0183986     0.1476663
     0.0341055    -0.0201255     0.1476663
     0.0362729    -0.0216477     0.1476663
     0.0374426    -0.0223209     0.1476663
     0.0376145    -0.0221689     0.1476663
     0.0368382    -0.0212622     0.1476663
     0.0351792    -0.0196880     0.1476663
     0.0327197    -0.0175520     0.1476663
     0.0295600    -0.0149795     0.1476663
     0.0258191    -0.0121158     0.1476663
     0.0216364    -0.0091280     0.1476663
     0.0171721    -0.0062066     0.1476663
     0.0126087    -0.0035666     0.1476663
     0.0081519    -0.0014489     0.1476663
     0.0040325    -0.0001203     0.1476663
     0.0005071     0.0001242     0.1476663
    -0.0021407    -0.0010396     0.1476663
    -0.0033732    -0.0039665     0.1476663
     0.0000623    -0.0063489     0.1476663
     0.0040101    -0.0081531     0.1476663
     0.0080985    -0.0098303     0.1476663
     0.0122830    -0.0114737     0.1476663
     0.0165378    -0.0131459     0.1476663
     0.0208629    -0.0148474     0.1476663
     0.0252591    -0.0165758     0.1476663
     0.0297250    -0.0183351     0.1476663
     0.0342535    -0.0201433     0.1476663
     0.0388435    -0.0220034     0.1476663
     0.0435032    -0.0238937     0.1476663
     0.0482364    -0.0258046     0.1476663
