    -0.0081905    -0.0000324     0.0817994
    -0.0083639     0.0001451     0.0817994
    -0.0085299     0.0003243     0.0817994
    -0.0086898     0.0005039     0.0817994
    -0.0088465     0.0006814     0.0817994
    -0.0090009     0.0008560     0.0817994
    -0.0091528     0.0010279     0.0817994
    -0.0093025     0.0011967     0.0817994
    -0.0094504     0.0013623     0.0817994
    -0.0095965     0.0015245     0.0817994
    -0.0097409     0.0016833     0.0817994
    -0.0098838     0.0018385     0.0817994
    -0.0100252     0.0019900     0.0817994
    -0.0101651     0.0021379     0.0817994
    -0.0103037     0.0022820     0.0817994
    -0.0104409     0.0024223     0.0817994
    -0.0105768     0.0025587     0.0817994
    -0.0107113     0.0026913     0.0817994
    -0.0108446     0.0028199     0.0817994
    -0.0109768     0.0029444     0.0817994
    -0.0111078     0.0030647     0.0817994
    -0.0112377     0.0031809     0.0817994
    -0.0113661     0.0032931     0.0817994
    -0.0114929     0.0034016     0.0817994
    -0.0116180     0.0035065     0.0817994
    -0.0117412     0.0036077     0.0817994
    -0.0118625     0.0037056     0.0817994
    -0.0119817     0.0038002     0.0817994
    -0.0120988     0.0038916     0.0817994
    -0.0122136     0.0039798     0.0817994
    -0.0123261     0.0040650     0.0817994
    -0.0124363     0.0041471     0.0817994
    -0.0125442     0.0042261     0.0817994
    -0.0126497     0.0043022     0.0817994
    -0.0127527     0.0043753     0.0817994
    -0.0128533     0.0044456     0.0817994
    -0.0129514     0.0045129     0.0817994
    -0.0130470     0.0045775     0.0817994
    -0.0131400     0.0046393     0.0817994
    -0.0132304     0.0046983     0.0817994
    -0.0133181     0.0047545     0.0817994
    -0.0134033     0.0048080     0.0817994
    -0.0134858     0.0048588     0.0817994
    -0.0135656     0.0049069     0.0817994
    -0.0136427     0.0049523     0.0817994
    -0.0137171     0.0049951     0.0817994
    -0.0137887     0.0050352     0.0817994
    -0.0138576     0.0050727     0.0817994
    -0.0139236     0.0051077     0.0817994
    -0.0139869     0.0051400     0.0817994
    -0.0140474     0.0051696     0.0817994
    -0.0141052     0.0051965     0.0817994
    -0.0141600     0.0052207     0.0817994
    -0.0142119     0.0052425     0.0817994
    -0.0142608     0.0052619     0.0817994
    -0.0143070     0.0052780     0.0817994
    -0.0143508     0.0052899     0.0817994
    -0.0143917     0.0052965     0.0817994
    -0.0144311     0.0052948     0.0817994
    -0.0144648     0.0052822     0.0817994
    -0.0141886     0.0054891     0.0817994
    -0.0134067     0.0056507     0.0817994
    -0.0124977     0.0056684     0.0817994
    -0.0114910     0.0055835     0.0817994
    -0.0104060     0.0053502     0.0817994
    -0.0092550     0.0049888     0.0817994
    -0.0080413     0.0045194     0.0817994
    -0.0067641     0.0039587     0.0817994
    -0.0054276     0.0033039     0.0817994
    -0.0040359     0.0025523     0.0817994
    -0.0025913     0.0017043     0.0817994
    -0.0011000     0.0007543     0.0817994
     0.0004295    -0.0003068     0.0817994
     0.0019946    -0.0014777     0.0817994
     0.0035992    -0.0027493     0.0817994
     0.0052514    -0.0041096     0.0817994
     0.0069559    -0.0055517     0.0817994
     0.0087067    -0.0070818     0.0817994
     0.0104959    -0.0087080     0.0817994
     0.0123172    -0.0104356     0.0817994
     0.0141702    -0.0122634     0.0817994
     0.0160554    -0.0141895     0.0817994
     0.0179710    -0.0162144     0.0817994
     0.0199136    -0.0183403     0.0817994
     0.0218807    -0.0205680     0.0817994
     0.0238738    -0.0228953     0.0817994
     0.0258953    -0.0253191     0.0817994
     0.0279443    -0.0278396     0.0817994
     0.0300187    -0.0304577     0.0817994
     0.0321175    -0.0331734     0.0817994
     0.0342402    -0.0359864     0.0817994
     0.0363840    -0.0388975     0.0817994
     0.0382827    -0.0414449     0.0817994
     0.0392313    -0.0425118     0.0817994
     0.0392202    -0.0421291     0.0817994
     0.0382849    -0.0404062     0.0817994
     0.0364748    -0.0374808     0.0817994
     0.0338532    -0.0335203     0.0817994
     0.0304987    -0.0287242     0.0817994
     0.0265065    -0.0233256     0.0817994
     0.0219884    -0.0175930     0.0817994
     0.0170745    -0.0118326     0.0817994
     0.0119139    -0.0063906     0.0817994
     0.0066755    -0.0016547     0.0817994
     0.0015496     0.0019437     0.0817994
    -0.0032515     0.0039273     0.0817994
    -0.0074921     0.0037711     0.0817994
    -0.0106244     0.0008113     0.0817994
    -0.0075880    -0.0032788     0.0817994
    -0.0036787    -0.0068268     0.0817994
     0.0004519    -0.0102631     0.0817994
     0.0047108    -0.0136889     0.0817994
     0.0090414    -0.0171731     0.0817994
     0.0134437    -0.0207154     0.0817994
     0.0179186    -0.0243151     0.0817994
     0.0224645    -0.0279739     0.0817994
     0.0270771    -0.0316973     0.0817994
     0.0317556    -0.0354864     0.0817994
     0.0365055    -0.0393341     0.0817994
     0.0413291    -0.0432374     0.0817994
