    -0.0031597    -0.0039170     0.1147328
    -0.0035336    -0.0036518     0.1147328
    -0.0038948    -0.0033812     0.1147328
    -0.0042452    -0.0031076     0.1147328
    -0.0045889    -0.0028367     0.1147328
    -0.0049276    -0.0025704     0.1147328
    -0.0052609    -0.0023083     0.1147328
    -0.0055892    -0.0020509     0.1147328
    -0.0059130    -0.0017989     0.1147328
    -0.0062325    -0.0015523     0.1147328
    -0.0065478    -0.0013115     0.1147328
    -0.0068590    -0.0010767     0.1147328
    -0.0071664    -0.0008480     0.1147328
    -0.0074699    -0.0006256     0.1147328
    -0.0077696    -0.0004095     0.1147328
    -0.0080656    -0.0001998     0.1147328
    -0.0083579     0.0000032     0.1147328
    -0.0086465     0.0001995     0.1147328
    -0.0089315     0.0003892     0.1147328
    -0.0092129     0.0005717     0.1147328
    -0.0094910     0.0007470     0.1147328
    -0.0097655     0.0009151     0.1147328
    -0.0100361     0.0010765     0.1147328
    -0.0103025     0.0012317     0.1147328
    -0.0105645     0.0013807     0.1147328
    -0.0108220     0.0015239     0.1147328
    -0.0110749     0.0016616     0.1147328
    -0.0113228     0.0017939     0.1147328
    -0.0115657     0.0019212     0.1147328
    -0.0118035     0.0020435     0.1147328
    -0.0120362     0.0021609     0.1147328
    -0.0122636     0.0022735     0.1147328
    -0.0124857     0.0023814     0.1147328
    -0.0127026     0.0024847     0.1147328
    -0.0129140     0.0025834     0.1147328
    -0.0131200     0.0026777     0.1147328
    -0.0133205     0.0027675     0.1147328
    -0.0135154     0.0028531     0.1147328
    -0.0137047     0.0029345     0.1147328
    -0.0138884     0.0030117     0.1147328
    -0.0140664     0.0030848     0.1147328
    -0.0142387     0.0031538     0.1147328
    -0.0144053     0.0032187     0.1147328
    -0.0145662     0.0032796     0.1147328
    -0.0147212     0.0033365     0.1147328
    -0.0148704     0.0033894     0.1147328
    -0.0150138     0.0034386     0.1147328
    -0.0151512     0.0034839     0.1147328
    -0.0152826     0.0035255     0.1147328
    -0.0154082     0.0035632     0.1147328
    -0.0155278     0.0035968     0.1147328
    -0.0156414     0.0036264     0.1147328
    -0.0157490     0.0036523     0.1147328
    -0.0158503     0.0036746     0.1147328
    -0.0159454     0.0036935     0.1147328
    -0.0160345     0.0037075     0.1147328
    -0.0161178     0.0037144     0.1147328
    -0.0161940     0.0037128     0.1147328
    -0.0162647     0.0036965     0.1147328
    -0.0163212     0.0036626     0.1147328
    -0.0161198     0.0038745     0.1147328
    -0.0154361     0.0041246     0.1147328
    -0.0146001     0.0042638     0.1147328
    -0.0136501     0.0043294     0.1147328
    -0.0125975     0.0042737     0.1147328
    -0.0114586     0.0041127     0.1147328
    -0.0102405     0.0038635     0.1147328
    -0.0089459     0.0035405     0.1147328
    -0.0075783     0.0031406     0.1147328
    -0.0061407     0.0026609     0.1147328
    -0.0046353     0.0021013     0.1147328
    -0.0030667     0.0014555     0.1147328
    -0.0014413     0.0007141     0.1147328
     0.0002385    -0.0001226     0.1147328
     0.0019745    -0.0010455     0.1147328
     0.0037721    -0.0020422     0.1147328
     0.0056344    -0.0031057     0.1147328
     0.0075570    -0.0042426     0.1147328
     0.0095341    -0.0054618     0.1147328
     0.0115610    -0.0067688     0.1147328
     0.0136370    -0.0081629     0.1147328
     0.0157622    -0.0096422     0.1147328
     0.0179353    -0.0112074     0.1147328
     0.0201532    -0.0128611     0.1147328
     0.0224142    -0.0146044     0.1147328
     0.0247192    -0.0164349     0.1147328
     0.0270697    -0.0183497     0.1147328
     0.0294649    -0.0203487     0.1147328
     0.0319033    -0.0224333     0.1147328
     0.0343839    -0.0246036     0.1147328
     0.0369062    -0.0268594     0.1147328
     0.0394678    -0.0292018     0.1147328
     0.0417474    -0.0312574     0.1147328
     0.0429124    -0.0321342     0.1147328
     0.0429593    -0.0318616     0.1147328
     0.0419395    -0.0305328     0.1147328
     0.0399215    -0.0282640     0.1147328
     0.0369917    -0.0251964     0.1147328
     0.0332560    -0.0214972     0.1147328
     0.0288410    -0.0173614     0.1147328
     0.0238949    -0.0130133     0.1147328
     0.0185885    -0.0087084     0.1147328
     0.0131166    -0.0047353     0.1147328
     0.0076997    -0.0014170     0.1147328
     0.0025846     0.0008877     0.1147328
    -0.0019535     0.0017820     0.1147328
    -0.0056100     0.0008299     0.1147328
    -0.0077734    -0.0024768     0.1147328
    -0.0041383    -0.0057460     0.1147328
     0.0001989    -0.0083733     0.1147328
     0.0047209    -0.0108622     0.1147328
     0.0093607    -0.0133207     0.1147328
     0.0140787    -0.0158215     0.1147328
     0.0188746    -0.0183648     0.1147328
     0.0237494    -0.0209489     0.1147328
     0.0287016    -0.0235767     0.1147328
     0.0337249    -0.0262602     0.1147328
     0.0388182    -0.0290015     0.1147328
     0.0439891    -0.0317859     0.1147328
     0.0492409    -0.0346071     0.1147328
