     0.0160975    -0.0052071     0.2464666
     0.0152992    -0.0048985     0.2464666
     0.0145213    -0.0045741     0.2464666
     0.0137615    -0.0042396     0.2464666
     0.0130148    -0.0039067     0.2464666
     0.0122795    -0.0035798     0.2464666
     0.0115558    -0.0032581     0.2464666
     0.0108434    -0.0029425     0.2464666
     0.0101414    -0.0026345     0.2464666
     0.0094499    -0.0023347     0.2464666
     0.0087686    -0.0020432     0.2464666
     0.0080973    -0.0017607     0.2464666
     0.0074359    -0.0014876     0.2464666
     0.0067844    -0.0012240     0.2464666
     0.0061427    -0.0009701     0.2464666
     0.0055108    -0.0007262     0.2464666
     0.0048885    -0.0004927     0.2464666
     0.0042760    -0.0002695     0.2464666
     0.0036733    -0.0000568     0.2464666
     0.0030802     0.0001447     0.2464666
     0.0024965     0.0003344     0.2464666
     0.0019227     0.0005129     0.2464666
     0.0013590     0.0006811     0.2464666
     0.0008058     0.0008398     0.2464666
     0.0002634     0.0009895     0.2464666
    -0.0002682     0.0011306     0.2464666
    -0.0007887     0.0012638     0.2464666
    -0.0012979     0.0013897     0.2464666
    -0.0017957     0.0015087     0.2464666
    -0.0022820     0.0016211     0.2464666
    -0.0027566     0.0017269     0.2464666
    -0.0032196     0.0018265     0.2464666
    -0.0036709     0.0019199     0.2464666
    -0.0041104     0.0020074     0.2464666
    -0.0045381     0.0020892     0.2464666
    -0.0049538     0.0021653     0.2464666
    -0.0053576     0.0022361     0.2464666
    -0.0057493     0.0023016     0.2464666
    -0.0061289     0.0023621     0.2464666
    -0.0064965     0.0024176     0.2464666
    -0.0068519     0.0024682     0.2464666
    -0.0071951     0.0025141     0.2464666
    -0.0075260     0.0025552     0.2464666
    -0.0078447     0.0025917     0.2464666
    -0.0081511     0.0026235     0.2464666
    -0.0084451     0.0026510     0.2464666
    -0.0087267     0.0026741     0.2464666
    -0.0089958     0.0026932     0.2464666
    -0.0092524     0.0027082     0.2464666
    -0.0094965     0.0027188     0.2464666
    -0.0097281     0.0027248     0.2464666
    -0.0099470     0.0027263     0.2464666
    -0.0101531     0.0027238     0.2464666
    -0.0103464     0.0027177     0.2464666
    -0.0105268     0.0027083     0.2464666
    -0.0106940     0.0026928     0.2464666
    -0.0108475     0.0026671     0.2464666
    -0.0109841     0.0026293     0.2464666
    -0.0111042     0.0025675     0.2464666
    -0.0111900     0.0024803     0.2464666
    -0.0111945     0.0024269     0.2464666
    -0.0110755     0.0023827     0.2464666
    -0.0108885     0.0023318     0.2464666
    -0.0106601     0.0022908     0.2464666
    -0.0103934     0.0022411     0.2464666
    -0.0100962     0.0021824     0.2464666
    -0.0097716     0.0021139     0.2464666
    -0.0094221     0.0020348     0.2464666
    -0.0090481     0.0019446     0.2464666
    -0.0086497     0.0018432     0.2464666
    -0.0082271     0.0017309     0.2464666
    -0.0077809     0.0016066     0.2464666
    -0.0073116     0.0014687     0.2464666
    -0.0068197     0.0013167     0.2464666
    -0.0063054     0.0011520     0.2464666
    -0.0057683     0.0009767     0.2464666
    -0.0052082     0.0007921     0.2464666
    -0.0046253     0.0005971     0.2464666
    -0.0040203     0.0003903     0.2464666
    -0.0033935     0.0001707     0.2464666
    -0.0027453    -0.0000617     0.2464666
    -0.0020755    -0.0003066     0.2464666
    -0.0013843    -0.0005638     0.2464666
    -0.0006721    -0.0008339     0.2464666
     0.0000611    -0.0011168     0.2464666
     0.0008152    -0.0014122     0.2464666
     0.0015904    -0.0017195     0.2464666
     0.0023867    -0.0020386     0.2464666
     0.0032037    -0.0023698     0.2464666
     0.0040416    -0.0027128     0.2464666
     0.0049002    -0.0030676     0.2464666
     0.0057792    -0.0034342     0.2464666
     0.0066205    -0.0037722     0.2464666
     0.0072761    -0.0039876     0.2464666
     0.0077467    -0.0040844     0.2464666
     0.0080429    -0.0040730     0.2464666
     0.0081785    -0.0039667     0.2464666
     0.0081708    -0.0037817     0.2464666
     0.0080406    -0.0035368     0.2464666
     0.0078127    -0.0032539     0.2464666
     0.0075159    -0.0029580     0.2464666
     0.0071834    -0.0026780     0.2464666
     0.0068524    -0.0024476     0.2464666
     0.0065651    -0.0023043     0.2464666
     0.0063687    -0.0022895     0.2464666
     0.0063157    -0.0024485     0.2464666
     0.0064643    -0.0028312     0.2464666
     0.0069178    -0.0034865     0.2464666
     0.0081878    -0.0039263     0.2464666
     0.0095440    -0.0042517     0.2464666
     0.0109326    -0.0045520     0.2464666
     0.0123481    -0.0048453     0.2464666
     0.0137873    -0.0051449     0.2464666
     0.0152499    -0.0054517     0.2464666
     0.0167368    -0.0057628     0.2464666
     0.0182470    -0.0060828     0.2464666
     0.0197746    -0.0064371     0.2464666
     0.0213185    -0.0068294     0.2464666
     0.0228855    -0.0072301     0.2464666
     0.0244788    -0.0076258     0.2464666
