     0.0149227    -0.0053799     0.2299999
     0.0141337    -0.0050648     0.2299999
     0.0133653    -0.0047343     0.2299999
     0.0126149    -0.0043938     0.2299999
     0.0118775    -0.0040552     0.2299999
     0.0111513    -0.0037227     0.2299999
     0.0104366    -0.0033953     0.2299999
     0.0097330    -0.0030742     0.2299999
     0.0090397    -0.0027608     0.2299999
     0.0083567    -0.0024556     0.2299999
     0.0076837    -0.0021588     0.2299999
     0.0070206    -0.0018709     0.2299999
     0.0063672    -0.0015926     0.2299999
     0.0057235    -0.0013238     0.2299999
     0.0050894    -0.0010647     0.2299999
     0.0044649    -0.0008157     0.2299999
     0.0038499    -0.0005770     0.2299999
     0.0032444    -0.0003487     0.2299999
     0.0026486    -0.0001310     0.2299999
     0.0020621     0.0000755     0.2299999
     0.0014849     0.0002703     0.2299999
     0.0009174     0.0004538     0.2299999
     0.0003598     0.0006269     0.2299999
    -0.0001875     0.0007906     0.2299999
    -0.0007243     0.0009451     0.2299999
    -0.0012504     0.0010911     0.2299999
    -0.0017655     0.0012291     0.2299999
    -0.0022695     0.0013597     0.2299999
    -0.0027623     0.0014833     0.2299999
    -0.0032437     0.0016001     0.2299999
    -0.0037136     0.0017105     0.2299999
    -0.0041721     0.0018144     0.2299999
    -0.0046190     0.0019121     0.2299999
    -0.0050542     0.0020038     0.2299999
    -0.0054778     0.0020897     0.2299999
    -0.0058896     0.0021699     0.2299999
    -0.0062895     0.0022446     0.2299999
    -0.0066776     0.0023140     0.2299999
    -0.0070538     0.0023782     0.2299999
    -0.0074180     0.0024373     0.2299999
    -0.0077702     0.0024915     0.2299999
    -0.0081103     0.0025408     0.2299999
    -0.0084383     0.0025853     0.2299999
    -0.0087543     0.0026250     0.2299999
    -0.0090580     0.0026600     0.2299999
    -0.0093495     0.0026905     0.2299999
    -0.0096287     0.0027166     0.2299999
    -0.0098957     0.0027385     0.2299999
    -0.0101502     0.0027562     0.2299999
    -0.0103924     0.0027695     0.2299999
    -0.0106222     0.0027780     0.2299999
    -0.0108394     0.0027819     0.2299999
    -0.0110440     0.0027816     0.2299999
    -0.0112360     0.0027777     0.2299999
    -0.0114152     0.0027704     0.2299999
    -0.0115813     0.0027568     0.2299999
    -0.0117339     0.0027331     0.2299999
    -0.0118700     0.0026971     0.2299999
    -0.0119899     0.0026370     0.2299999
    -0.0120761     0.0025514     0.2299999
    -0.0120669     0.0025258     0.2299999
    -0.0118972     0.0025223     0.2299999
    -0.0116467     0.0025048     0.2299999
    -0.0113449     0.0024920     0.2299999
    -0.0109946     0.0024616     0.2299999
    -0.0106051     0.0024146     0.2299999
    -0.0101805     0.0023517     0.2299999
    -0.0097238     0.0022733     0.2299999
    -0.0092354     0.0021788     0.2299999
    -0.0087158     0.0020676     0.2299999
    -0.0081655     0.0019399     0.2299999
    -0.0075850     0.0017942     0.2299999
    -0.0069754     0.0016277     0.2299999
    -0.0063375     0.0014401     0.2299999
    -0.0056713     0.0012335     0.2299999
    -0.0049762     0.0010112     0.2299999
    -0.0042520     0.0007751     0.2299999
    -0.0034992     0.0005235     0.2299999
    -0.0027186     0.0002542     0.2299999
    -0.0019110    -0.0000345     0.2299999
    -0.0010767    -0.0003424     0.2299999
    -0.0002157    -0.0006692     0.2299999
     0.0006718    -0.0010148     0.2299999
     0.0015852    -0.0013799     0.2299999
     0.0025243    -0.0017647     0.2299999
     0.0034892    -0.0021687     0.2299999
     0.0044800    -0.0025909     0.2299999
     0.0054966    -0.0030313     0.2299999
     0.0065387    -0.0034903     0.2299999
     0.0076061    -0.0039677     0.2299999
     0.0086988    -0.0044634     0.2299999
     0.0098163    -0.0049777     0.2299999
     0.0108656    -0.0054444     0.2299999
     0.0116097    -0.0057092     0.2299999
     0.0120494    -0.0057786     0.2299999
     0.0122017    -0.0056703     0.2299999
     0.0120886    -0.0054062     0.2299999
     0.0117375    -0.0050128     0.2299999
     0.0111816    -0.0045213     0.2299999
     0.0104603    -0.0039680     0.2299999
     0.0096197    -0.0033940     0.2299999
     0.0087126    -0.0028471     0.2299999
     0.0077986    -0.0023818     0.2299999
     0.0069451    -0.0020590     0.2299999
     0.0062276    -0.0019460     0.2299999
     0.0057301    -0.0021168     0.2299999
     0.0055453    -0.0026527     0.2299999
     0.0058391    -0.0036343     0.2299999
     0.0074458    -0.0042835     0.2299999
     0.0091857    -0.0047496     0.2299999
     0.0109705    -0.0051751     0.2299999
     0.0127910    -0.0055888     0.2299999
     0.0146419    -0.0060107     0.2299999
     0.0165232    -0.0064419     0.2299999
     0.0184356    -0.0068794     0.2299999
     0.0203780    -0.0073278     0.2299999
     0.0223444    -0.0078121     0.2299999
     0.0243336    -0.0083362     0.2299999
     0.0263529    -0.0088708     0.2299999
     0.0284052    -0.0094025     0.2299999
