     0.0092712    -0.0058992     0.1805997
     0.0085681    -0.0055702     0.1805997
     0.0078846    -0.0052281     0.1805997
     0.0072181    -0.0048780     0.1805997
     0.0065633    -0.0045303     0.1805997
     0.0059185    -0.0041887     0.1805997
     0.0052839    -0.0038525     0.1805997
     0.0046590    -0.0035226     0.1805997
     0.0040432    -0.0032002     0.1805997
     0.0034363    -0.0028858     0.1805997
     0.0028381    -0.0025796     0.1805997
     0.0022485    -0.0022821     0.1805997
     0.0016672    -0.0019937     0.1805997
     0.0010942    -0.0017146     0.1805997
     0.0005295    -0.0014449     0.1805997
    -0.0000270    -0.0011849     0.1805997
    -0.0005754    -0.0009348     0.1805997
    -0.0011156    -0.0006946     0.1805997
    -0.0016477    -0.0004646     0.1805997
    -0.0021718    -0.0002453     0.1805997
    -0.0026880    -0.0000372     0.1805997
    -0.0031961     0.0001600     0.1805997
    -0.0036956     0.0003474     0.1805997
    -0.0041862     0.0005255     0.1805997
    -0.0046677     0.0006948     0.1805997
    -0.0051399     0.0008557     0.1805997
    -0.0056026     0.0010087     0.1805997
    -0.0060555     0.0011544     0.1805997
    -0.0064985     0.0012931     0.1805997
    -0.0069315     0.0014251     0.1805997
    -0.0073544     0.0015505     0.1805997
    -0.0077672     0.0016695     0.1805997
    -0.0081698     0.0017822     0.1805997
    -0.0085620     0.0018888     0.1805997
    -0.0089439     0.0019894     0.1805997
    -0.0093154     0.0020843     0.1805997
    -0.0096763     0.0021735     0.1805997
    -0.0100268     0.0022573     0.1805997
    -0.0103666     0.0023357     0.1805997
    -0.0106957     0.0024088     0.1805997
    -0.0110142     0.0024768     0.1805997
    -0.0113219     0.0025398     0.1805997
    -0.0116189     0.0025976     0.1805997
    -0.0119050     0.0026505     0.1805997
    -0.0121803     0.0026985     0.1805997
    -0.0124447     0.0027417     0.1805997
    -0.0126981     0.0027802     0.1805997
    -0.0129405     0.0028143     0.1805997
    -0.0131719     0.0028439     0.1805997
    -0.0133922     0.0028687     0.1805997
    -0.0136014     0.0028886     0.1805997
    -0.0137994     0.0029037     0.1805997
    -0.0139862     0.0029142     0.1805997
    -0.0141615     0.0029208     0.1805997
    -0.0143255     0.0029236     0.1805997
    -0.0144778     0.0029199     0.1805997
    -0.0146184     0.0029063     0.1805997
    -0.0147445     0.0028807     0.1805997
    -0.0148571     0.0028322     0.1805997
    -0.0149405     0.0027586     0.1805997
    -0.0148709     0.0028393     0.1805997
    -0.0145006     0.0029795     0.1805997
    -0.0140061     0.0030739     0.1805997
    -0.0134251     0.0031487     0.1805997
    -0.0127616     0.0031688     0.1805997
    -0.0120295     0.0031403     0.1805997
    -0.0112358     0.0030702     0.1805997
    -0.0103847     0.0029644     0.1805997
    -0.0094775     0.0028210     0.1805997
    -0.0085157     0.0026383     0.1805997
    -0.0075005     0.0024162     0.1805997
    -0.0064337     0.0021508     0.1805997
    -0.0053178     0.0018360     0.1805997
    -0.0041547     0.0014717     0.1805997
    -0.0029439     0.0010630     0.1805997
    -0.0016840     0.0006174     0.1805997
    -0.0003737     0.0001394     0.1805997
     0.0009852    -0.0003752     0.1805997
     0.0023902    -0.0009319     0.1805997
     0.0038395    -0.0015342     0.1805997
     0.0053324    -0.0021820     0.1805997
     0.0068689    -0.0028741     0.1805997
     0.0084483    -0.0036109     0.1805997
     0.0100693    -0.0043941     0.1805997
     0.0117310    -0.0052244     0.1805997
     0.0134337    -0.0061004     0.1805997
     0.0151779    -0.0070201     0.1805997
     0.0169632    -0.0079837     0.1805997
     0.0187889    -0.0089920     0.1805997
     0.0206546    -0.0100449     0.1805997
     0.0225598    -0.0111425     0.1805997
     0.0245036    -0.0122854     0.1805997
     0.0262689    -0.0132995     0.1805997
     0.0273015    -0.0137758     0.1805997
     0.0276027    -0.0137307     0.1805997
     0.0272107    -0.0132102     0.1805997
     0.0261755    -0.0122716     0.1805997
     0.0245599    -0.0109840     0.1805997
     0.0224399    -0.0094290     0.1805997
     0.0199061    -0.0077012     0.1805997
     0.0170640    -0.0059092     0.1805997
     0.0140349    -0.0041769     0.1805997
     0.0109566    -0.0026449     0.1805997
     0.0079845    -0.0014699     0.1805997
     0.0052928    -0.0008257     0.1805997
     0.0030751    -0.0009044     0.1805997
     0.0015454    -0.0019166     0.1805997
     0.0010956    -0.0040812     0.1805997
     0.0038677    -0.0056263     0.1805997
     0.0069708    -0.0067432     0.1805997
     0.0101698    -0.0077653     0.1805997
     0.0134385    -0.0087599     0.1805997
     0.0167622    -0.0097724     0.1805997
     0.0201406    -0.0108038     0.1805997
     0.0235747    -0.0118511     0.1805997
     0.0270631    -0.0129189     0.1805997
     0.0305989    -0.0140295     0.1805997
     0.0341811    -0.0151864     0.1805997
     0.0378175    -0.0163632     0.1805997
     0.0415119    -0.0175479     0.1805997
