     0.0134100    -0.0054820     0.2135331
     0.0126408    -0.0051620     0.2135331
     0.0118918    -0.0048270     0.2135331
     0.0111607    -0.0044827     0.2135331
     0.0104424    -0.0041403     0.2135331
     0.0097349    -0.0038041     0.2135331
     0.0090387    -0.0034731     0.2135331
     0.0083532    -0.0031483     0.2135331
     0.0076778    -0.0028313     0.2135331
     0.0070123    -0.0025224     0.2135331
     0.0063565    -0.0022219     0.2135331
     0.0057103    -0.0019304     0.2135331
     0.0050735    -0.0016483     0.2135331
     0.0044460    -0.0013757     0.2135331
     0.0038279    -0.0011128     0.2135331
     0.0032190    -0.0008598     0.2135331
     0.0026192    -0.0006172     0.2135331
     0.0020287    -0.0003848     0.2135331
     0.0014474    -0.0001630     0.2135331
     0.0008752     0.0000478     0.2135331
     0.0003120     0.0002468     0.2135331
    -0.0002420     0.0004347     0.2135331
    -0.0007864     0.0006123     0.2135331
    -0.0013208     0.0007804     0.2135331
    -0.0018450     0.0009395     0.2135331
    -0.0023588     0.0010900     0.2135331
    -0.0028621     0.0012326     0.2135331
    -0.0033545     0.0013676     0.2135331
    -0.0038360     0.0014958     0.2135331
    -0.0043064     0.0016171     0.2135331
    -0.0047657     0.0017319     0.2135331
    -0.0052139     0.0018402     0.2135331
    -0.0056507     0.0019423     0.2135331
    -0.0060763     0.0020384     0.2135331
    -0.0064905     0.0021285     0.2135331
    -0.0068932     0.0022129     0.2135331
    -0.0072844     0.0022917     0.2135331
    -0.0076640     0.0023652     0.2135331
    -0.0080320     0.0024334     0.2135331
    -0.0083883     0.0024965     0.2135331
    -0.0087329     0.0025546     0.2135331
    -0.0090658     0.0026077     0.2135331
    -0.0093869     0.0026559     0.2135331
    -0.0096961     0.0026993     0.2135331
    -0.0099935     0.0027379     0.2135331
    -0.0102790     0.0027719     0.2135331
    -0.0105525     0.0028014     0.2135331
    -0.0108139     0.0028266     0.2135331
    -0.0110633     0.0028476     0.2135331
    -0.0113007     0.0028639     0.2135331
    -0.0115259     0.0028755     0.2135331
    -0.0117389     0.0028824     0.2135331
    -0.0119396     0.0028850     0.2135331
    -0.0121279     0.0028838     0.2135331
    -0.0123037     0.0028792     0.2135331
    -0.0124668     0.0028682     0.2135331
    -0.0126169     0.0028471     0.2135331
    -0.0127509     0.0028137     0.2135331
    -0.0128693     0.0027564     0.2135331
    -0.0129551     0.0026737     0.2135331
    -0.0129295     0.0026798     0.2135331
    -0.0127021     0.0027213     0.2135331
    -0.0123802     0.0027403     0.2135331
    -0.0119961     0.0027575     0.2135331
    -0.0115528     0.0027467     0.2135331
    -0.0110611     0.0027103     0.2135331
    -0.0105260     0.0026508     0.2135331
    -0.0099507     0.0025703     0.2135331
    -0.0093363     0.0024676     0.2135331
    -0.0086832     0.0023420     0.2135331
    -0.0079923     0.0021934     0.2135331
    -0.0072644     0.0020197     0.2135331
    -0.0065009     0.0018171     0.2135331
    -0.0057031     0.0015852     0.2135331
    -0.0048707     0.0013272     0.2135331
    -0.0040031     0.0010475     0.2135331
    -0.0030996     0.0007488     0.2135331
    -0.0021613     0.0004288     0.2135331
    -0.0011892     0.0000840     0.2135331
    -0.0001846    -0.0002876     0.2135331
     0.0008522    -0.0006860     0.2135331
     0.0019212    -0.0011104     0.2135331
     0.0030220    -0.0015610     0.2135331
     0.0041539    -0.0020389     0.2135331
     0.0053164    -0.0025443     0.2135331
     0.0065096    -0.0030765     0.2135331
     0.0077338    -0.0036342     0.2135331
     0.0089889    -0.0042175     0.2135331
     0.0102743    -0.0048268     0.2135331
     0.0115899    -0.0054621     0.2135331
     0.0129355    -0.0061232     0.2135331
     0.0143105    -0.0068106     0.2135331
     0.0155834    -0.0074280     0.2135331
     0.0164194    -0.0077504     0.2135331
     0.0168198    -0.0077874     0.2135331
     0.0168081    -0.0075647     0.2135331
     0.0164153    -0.0071142     0.2135331
     0.0156797    -0.0064744     0.2135331
     0.0146481    -0.0056910     0.2135331
     0.0133760    -0.0048165     0.2135331
     0.0119280    -0.0039114     0.2135331
     0.0103784    -0.0030448     0.2135331
     0.0088112    -0.0022954     0.2135331
     0.0073214    -0.0017514     0.2135331
     0.0060153    -0.0015100     0.2135331
     0.0050112    -0.0016785     0.2135331
     0.0044397    -0.0023748     0.2135331
     0.0045355    -0.0037168     0.2135331
     0.0065054    -0.0046123     0.2135331
     0.0086634    -0.0052492     0.2135331
     0.0108807    -0.0058285     0.2135331
     0.0131436    -0.0063909     0.2135331
     0.0154444    -0.0069639     0.2135331
     0.0177830    -0.0075487     0.2135331
     0.0201602    -0.0081423     0.2135331
     0.0225749    -0.0087492     0.2135331
     0.0250207    -0.0093939     0.2135331
     0.0274965    -0.0100802     0.2135331
     0.0300098    -0.0107793     0.2135331
     0.0325638    -0.0114783     0.2135331
