     0.0064827    -0.0059817     0.1641330
     0.0058386    -0.0056547     0.1641330
     0.0052131    -0.0053161     0.1641330
     0.0046036    -0.0049706     0.1641330
     0.0040051    -0.0046276     0.1641330
     0.0034155    -0.0042906     0.1641330
     0.0028353    -0.0039589     0.1641330
     0.0022640    -0.0036334     0.1641330
     0.0017009    -0.0033151     0.1641330
     0.0011458    -0.0030046     0.1641330
     0.0005986    -0.0027019     0.1641330
     0.0000591    -0.0024076     0.1641330
    -0.0004730    -0.0021221     0.1641330
    -0.0009975    -0.0018454     0.1641330
    -0.0015147    -0.0015776     0.1641330
    -0.0020245    -0.0013191     0.1641330
    -0.0025271    -0.0010701     0.1641330
    -0.0030224    -0.0008306     0.1641330
    -0.0035104    -0.0006008     0.1641330
    -0.0039913    -0.0003811     0.1641330
    -0.0044652    -0.0001722     0.1641330
    -0.0049319     0.0000265     0.1641330
    -0.0053909     0.0002157     0.1641330
    -0.0058420     0.0003960     0.1641330
    -0.0062848     0.0005679     0.1641330
    -0.0067192     0.0007316     0.1641330
    -0.0071450     0.0008878     0.1641330
    -0.0075619     0.0010368     0.1641330
    -0.0079698     0.0011791     0.1641330
    -0.0083687     0.0013148     0.1641330
    -0.0087583     0.0014441     0.1641330
    -0.0091387     0.0015671     0.1641330
    -0.0095098     0.0016840     0.1641330
    -0.0098715     0.0017949     0.1641330
    -0.0102237     0.0018999     0.1641330
    -0.0105664     0.0019992     0.1641330
    -0.0108995     0.0020930     0.1641330
    -0.0112229     0.0021814     0.1641330
    -0.0115367     0.0022645     0.1641330
    -0.0118407     0.0023424     0.1641330
    -0.0121349     0.0024151     0.1641330
    -0.0124193     0.0024829     0.1641330
    -0.0126938     0.0025456     0.1641330
    -0.0129584     0.0026033     0.1641330
    -0.0132131     0.0026562     0.1641330
    -0.0134577     0.0027043     0.1641330
    -0.0136923     0.0027477     0.1641330
    -0.0139168     0.0027866     0.1641330
    -0.0141311     0.0028211     0.1641330
    -0.0143353     0.0028508     0.1641330
    -0.0145293     0.0028756     0.1641330
    -0.0147131     0.0028955     0.1641330
    -0.0148865     0.0029109     0.1641330
    -0.0150495     0.0029222     0.1641330
    -0.0152019     0.0029297     0.1641330
    -0.0153437     0.0029309     0.1641330
    -0.0154749     0.0029224     0.1641330
    -0.0155931     0.0029024     0.1641330
    -0.0156994     0.0028606     0.1641330
    -0.0157791     0.0027947     0.1641330
    -0.0156813     0.0029153     0.1641330
    -0.0152299     0.0031020     0.1641330
    -0.0146411     0.0032282     0.1641330
    -0.0139544     0.0033231     0.1641330
    -0.0131748     0.0033472     0.1641330
    -0.0123178     0.0033090     0.1641330
    -0.0113910     0.0032180     0.1641330
    -0.0103987     0.0030824     0.1641330
    -0.0093427     0.0028999     0.1641330
    -0.0082249     0.0026682     0.1641330
    -0.0070468     0.0023872     0.1641330
    -0.0058106     0.0020524     0.1641330
    -0.0045198     0.0016564     0.1641330
    -0.0031765     0.0011991     0.1641330
    -0.0017801     0.0006868     0.1641330
    -0.0003282     0.0001287     0.1641330
     0.0011804    -0.0004701     0.1641330
     0.0027438    -0.0011145     0.1641330
     0.0043585    -0.0018110     0.1641330
     0.0060222    -0.0025642     0.1641330
     0.0077341    -0.0033734     0.1641330
     0.0094943    -0.0042375     0.1641330
     0.0113018    -0.0051569     0.1641330
     0.0131549    -0.0061337     0.1641330
     0.0150526    -0.0071687     0.1641330
     0.0169951    -0.0082602     0.1641330
     0.0189834    -0.0094059     0.1641330
     0.0210168    -0.0106060     0.1641330
     0.0230944    -0.0118614     0.1641330
     0.0252157    -0.0131722     0.1641330
     0.0273802    -0.0145383     0.1641330
     0.0295865    -0.0159606     0.1641330
     0.0315769    -0.0172179     0.1641330
     0.0326911    -0.0177885     0.1641330
     0.0329299    -0.0176928     0.1641330
     0.0323382    -0.0169886     0.1641330
     0.0309746    -0.0157479     0.1641330
     0.0289130    -0.0140576     0.1641330
     0.0262429    -0.0120206     0.1641330
     0.0230709    -0.0097562     0.1641330
     0.0195214    -0.0074015     0.1641330
     0.0157376    -0.0051128     0.1641330
     0.0118820    -0.0030668     0.1641330
     0.0081382    -0.0014611     0.1641330
     0.0047118    -0.0005148     0.1641330
     0.0018315    -0.0004699     0.1641330
    -0.0002499    -0.0015922     0.1641330
    -0.0010627    -0.0041645     0.1641330
     0.0020789    -0.0061095     0.1641330
     0.0056386    -0.0075449     0.1641330
     0.0093157    -0.0088677     0.1641330
     0.0130760    -0.0101590     0.1641330
     0.0168994    -0.0114732     0.1641330
     0.0207858    -0.0128110     0.1641330
     0.0247362    -0.0141699     0.1641330
     0.0287492    -0.0155539     0.1641330
     0.0328177    -0.0169837     0.1641330
     0.0369406    -0.0184624     0.1641330
     0.0411260    -0.0199658     0.1641330
     0.0453777    -0.0214829     0.1641330
