    -0.0060334    -0.0021652     0.0982661
    -0.0063007    -0.0019361     0.0982661
    -0.0065579    -0.0017038     0.0982661
    -0.0068067    -0.0014701     0.0982661
    -0.0070505    -0.0012388     0.0982661
    -0.0072908    -0.0010115     0.0982661
    -0.0075273    -0.0007877     0.0982661
    -0.0077602    -0.0005678     0.0982661
    -0.0079901    -0.0003524     0.0982661
    -0.0082171    -0.0001415     0.0982661
    -0.0084413     0.0000648     0.0982661
    -0.0086628     0.0002662     0.0982661
    -0.0088818     0.0004626     0.0982661
    -0.0090983     0.0006539     0.0982661
    -0.0093123     0.0008402     0.0982661
    -0.0095239     0.0010213     0.0982661
    -0.0097332     0.0011970     0.0982661
    -0.0099401     0.0013674     0.0982661
    -0.0101447     0.0015324     0.0982661
    -0.0103472     0.0016917     0.0982661
    -0.0105475     0.0018453     0.0982661
    -0.0107457     0.0019931     0.0982661
    -0.0109413     0.0021355     0.0982661
    -0.0111341     0.0022729     0.0982661
    -0.0113241     0.0024053     0.0982661
    -0.0115110     0.0025329     0.0982661
    -0.0116947     0.0026559     0.0982661
    -0.0118751     0.0027745     0.0982661
    -0.0120519     0.0028889     0.0982661
    -0.0122253     0.0029991     0.0982661
    -0.0123950     0.0031052     0.0982661
    -0.0125610     0.0032073     0.0982661
    -0.0127234     0.0033055     0.0982661
    -0.0128820     0.0033997     0.0982661
    -0.0130368     0.0034900     0.0982661
    -0.0131878     0.0035766     0.0982661
    -0.0133348     0.0036594     0.0982661
    -0.0134779     0.0037385     0.0982661
    -0.0136170     0.0038141     0.0982661
    -0.0137522     0.0038860     0.0982661
    -0.0138832     0.0039544     0.0982661
    -0.0140102     0.0040193     0.0982661
    -0.0141331     0.0040807     0.0982661
    -0.0142519     0.0041385     0.0982661
    -0.0143665     0.0041929     0.0982661
    -0.0144770     0.0042439     0.0982661
    -0.0145832     0.0042916     0.0982661
    -0.0146851     0.0043359     0.0982661
    -0.0147828     0.0043770     0.0982661
    -0.0148762     0.0044146     0.0982661
    -0.0149654     0.0044488     0.0982661
    -0.0150503     0.0044794     0.0982661
    -0.0151308     0.0045067     0.0982661
    -0.0152068     0.0045309     0.0982661
    -0.0152782     0.0045521     0.0982661
    -0.0153454     0.0045691     0.0982661
    -0.0154087     0.0045802     0.0982661
    -0.0154672     0.0045844     0.0982661
    -0.0155225     0.0045769     0.0982661
    -0.0155683     0.0045549     0.0982661
    -0.0153264     0.0047704     0.0982661
    -0.0145822     0.0049836     0.0982661
    -0.0136957     0.0050669     0.0982661
    -0.0127012     0.0050604     0.0982661
    -0.0116143     0.0049165     0.0982661
    -0.0104496     0.0046539     0.0982661
    -0.0092124     0.0042914     0.0982661
    -0.0079038     0.0038450     0.0982661
    -0.0065277     0.0033117     0.0982661
    -0.0050877     0.0026885     0.0982661
    -0.0035862     0.0019756     0.0982661
    -0.0020284     0.0011670     0.0982661
    -0.0004221     0.0002531     0.0982661
     0.0012301    -0.0007651     0.0982661
     0.0029313    -0.0018785     0.0982661
     0.0046882    -0.0030745     0.0982661
     0.0065048    -0.0043461     0.0982661
     0.0083759    -0.0056999     0.0982661
     0.0102943    -0.0071444     0.0982661
     0.0122547    -0.0086852     0.0982661
     0.0142563    -0.0103214     0.0982661
     0.0162995    -0.0120511     0.0982661
     0.0183828    -0.0138748     0.0982661
     0.0205028    -0.0157949     0.0982661
     0.0226574    -0.0178126     0.0982661
     0.0248478    -0.0199254     0.0982661
     0.0270760    -0.0221302     0.0982661
     0.0293411    -0.0244272     0.0982661
     0.0316413    -0.0268173     0.0982661
     0.0339755    -0.0293009     0.0982661
     0.0363434    -0.0318777     0.0982661
     0.0387421    -0.0345484     0.0982661
     0.0408712    -0.0368890     0.0982661
     0.0419439    -0.0378787     0.0982661
     0.0419537    -0.0375483     0.0982661
     0.0409453    -0.0360009     0.0982661
     0.0389789    -0.0333657     0.0982661
     0.0361317    -0.0297995     0.0982661
     0.0324981    -0.0254889     0.0982661
     0.0281917    -0.0206514     0.0982661
     0.0233459    -0.0155376     0.0982661
     0.0181149    -0.0104331     0.0982661
     0.0126750    -0.0056607     0.0982661
     0.0072256    -0.0015817     0.0982661
     0.0019909     0.0014023     0.0982661
    -0.0027795     0.0028470     0.0982661
    -0.0068088     0.0022636     0.0982661
    -0.0095043    -0.0009426     0.0982661
    -0.0061030    -0.0046850     0.0982661
    -0.0019015    -0.0078218     0.0982661
     0.0025061    -0.0108306     0.0982661
     0.0070389    -0.0138184     0.0982661
     0.0116480    -0.0168571     0.0982661
     0.0163333    -0.0199470     0.0982661
     0.0210957    -0.0230867     0.0982661
     0.0259338    -0.0262786     0.0982661
     0.0308418    -0.0295312     0.0982661
     0.0358189    -0.0328461     0.0982661
     0.0408718    -0.0362127     0.0982661
     0.0460035    -0.0396262     0.0982661
