     0.0116061    -0.0055914     0.1970664
     0.0108628    -0.0052658     0.1970664
     0.0101395    -0.0049260     0.1970664
     0.0094337    -0.0045773     0.1970664
     0.0087404    -0.0042308     0.1970664
     0.0080575    -0.0038905     0.1970664
     0.0073855    -0.0035554     0.1970664
     0.0067238    -0.0032267     0.1970664
     0.0060718    -0.0029057     0.1970664
     0.0054293    -0.0025927     0.1970664
     0.0047962    -0.0022882     0.1970664
     0.0041721    -0.0019925     0.1970664
     0.0035571    -0.0017062     0.1970664
     0.0029509    -0.0014293     0.1970664
     0.0023537    -0.0011620     0.1970664
     0.0017653    -0.0009045     0.1970664
     0.0011857    -0.0006573     0.1970664
     0.0006148    -0.0004203     0.1970664
     0.0000527    -0.0001937     0.1970664
    -0.0005007     0.0000220     0.1970664
    -0.0010457     0.0002261     0.1970664
    -0.0015818     0.0004192     0.1970664
    -0.0021088     0.0006021     0.1970664
    -0.0026262     0.0007755     0.1970664
    -0.0031338     0.0009400     0.1970664
    -0.0036315     0.0010959     0.1970664
    -0.0041190     0.0012439     0.1970664
    -0.0045962     0.0013844     0.1970664
    -0.0050628     0.0015180     0.1970664
    -0.0055188     0.0016447     0.1970664
    -0.0059640     0.0017649     0.1970664
    -0.0063985     0.0018785     0.1970664
    -0.0068222     0.0019859     0.1970664
    -0.0072349     0.0020872     0.1970664
    -0.0076366     0.0021825     0.1970664
    -0.0080273     0.0022720     0.1970664
    -0.0084069     0.0023559     0.1970664
    -0.0087753     0.0024344     0.1970664
    -0.0091324     0.0025076     0.1970664
    -0.0094784     0.0025755     0.1970664
    -0.0098130     0.0026383     0.1970664
    -0.0101362     0.0026961     0.1970664
    -0.0104481     0.0027489     0.1970664
    -0.0107485     0.0027968     0.1970664
    -0.0110374     0.0028398     0.1970664
    -0.0113148     0.0028781     0.1970664
    -0.0115807     0.0029118     0.1970664
    -0.0118349     0.0029411     0.1970664
    -0.0120774     0.0029661     0.1970664
    -0.0123083     0.0029864     0.1970664
    -0.0125274     0.0030017     0.1970664
    -0.0127348     0.0030123     0.1970664
    -0.0129302     0.0030185     0.1970664
    -0.0131137     0.0030208     0.1970664
    -0.0132850     0.0030195     0.1970664
    -0.0134441     0.0030118     0.1970664
    -0.0135907     0.0029939     0.1970664
    -0.0137218     0.0029638     0.1970664
    -0.0138382     0.0029102     0.1970664
    -0.0139233     0.0028312     0.1970664
    -0.0138778     0.0028730     0.1970664
    -0.0135831     0.0029633     0.1970664
    -0.0131790     0.0030204     0.1970664
    -0.0127007     0.0030678     0.1970664
    -0.0121516     0.0030748     0.1970664
    -0.0115439     0.0030456     0.1970664
    -0.0108837     0.0029847     0.1970664
    -0.0101748     0.0028961     0.1970664
    -0.0094184     0.0027782     0.1970664
    -0.0086153     0.0026297     0.1970664
    -0.0077666     0.0024507     0.1970664
    -0.0068735     0.0022381     0.1970664
    -0.0059381     0.0019870     0.1970664
    -0.0049617     0.0016971     0.1970664
    -0.0039441     0.0013725     0.1970664
    -0.0028843     0.0010192     0.1970664
    -0.0017815     0.0006408     0.1970664
    -0.0006369     0.0002339     0.1970664
     0.0005477    -0.0002058     0.1970664
     0.0017708    -0.0006812     0.1970664
     0.0030320    -0.0011921     0.1970664
     0.0043312    -0.0017376     0.1970664
     0.0056679    -0.0023180     0.1970664
     0.0070410    -0.0029346     0.1970664
     0.0084500    -0.0035880     0.1970664
     0.0098949    -0.0042770     0.1970664
     0.0113763    -0.0050001     0.1970664
     0.0128938    -0.0057574     0.1970664
     0.0144468    -0.0065493     0.1970664
     0.0160350    -0.0073762     0.1970664
     0.0176582    -0.0082376     0.1970664
     0.0193155    -0.0091342     0.1970664
     0.0208333    -0.0099340     0.1970664
     0.0217692    -0.0103270     0.1970664
     0.0221244    -0.0103261     0.1970664
     0.0219299    -0.0099666     0.1970664
     0.0212260    -0.0092921     0.1970664
     0.0200633    -0.0083555     0.1970664
     0.0185031    -0.0072192     0.1970664
     0.0166184    -0.0059553     0.1970664
     0.0144939    -0.0046466     0.1970664
     0.0122273    -0.0033879     0.1970664
     0.0099295    -0.0022866     0.1970664
     0.0077251    -0.0014627     0.1970664
     0.0057543    -0.0010492     0.1970664
     0.0041726    -0.0011925     0.1970664
     0.0031519    -0.0020539     0.1970664
     0.0030038    -0.0037972     0.1970664
     0.0053719    -0.0049908     0.1970664
     0.0079942    -0.0058424     0.1970664
     0.0106927    -0.0066181     0.1970664
     0.0134483    -0.0073713     0.1970664
     0.0162502    -0.0081385     0.1970664
     0.0190981    -0.0089206     0.1970664
     0.0219930    -0.0097146     0.1970664
     0.0249337    -0.0105251     0.1970664
     0.0279135    -0.0113757     0.1970664
     0.0309312    -0.0122701     0.1970664
     0.0339947    -0.0131805     0.1970664
     0.0371073    -0.0140943     0.1970664
