
 ===========================================================================
 Free Tip Potential Formulation Solution:  Arbitrary blade                 
                                                  Wake adv. ratio:    0.09852
 no. blades :  2            radius(m)  :   0.2540     adv. ratio:     0.01880
 thrust(N)  :   8.53        power(W)   :   53.1       torque(N-m):  0.254    
 Efficiency :  0.1607       speed(m/s) :    1.000     rpm        :   2000.000
 Eff induced:  0.1908       Eff ideal  :   0.2140     Tcoef      :    68.6838
 Tnacel(N)  :    -0.0000    hub rad.(m):   0.0324     disp. rad. :    0.0324
 Tvisc(N)   :    -0.0373    Pvisc(W)   :   8.18    
 rho(kg/m3) :   1.22600     Vsound(m/s):  340.000     mu(kg/m-s) : 0.1780E-04
 ---------------------------------------------------------------------------
Helicopter:  Sigma:    0.10311  CTh/s:    0.11769  FOM:    0.66595
                Ct:    0.09407     Cp:    0.03457    J:    0.05906
                Tc:   68.68384     Pc:  427.38586  adv:    0.01880

  i  r/R   c/R  beta(deg)  CL     Cd    REx10^3 Mach   effi  effp  na.u/U
  1 0.133 0.1027  26.93  1.520 s 0.1268  13.68  0.022  4.397 0.278   0.000
  2 0.151 0.1118  33.92  1.522 s 0.1408  15.76  0.024  0.925 0.585   0.000
  3 0.183 0.1209  41.05  1.530 s 0.2173  20.08  0.028  0.572 0.545   0.000
  4 0.222 0.1325  42.96  1.530 s 0.2181  26.50  0.034  0.404 0.578   0.000
  5 0.265 0.1447  39.26  1.521 s 0.1218  34.52  0.040  0.298 0.735   0.000
  6 0.309 0.1535  34.07  1.510 s 0.0503  42.96  0.047  0.230 0.880   0.000
  7 0.355 0.1583  30.05  1.472   0.0298  51.11  0.054  0.192 0.926   0.000
  8 0.400 0.1600  26.80  1.375   0.0263  58.56  0.062  0.189 0.924   0.000
  9 0.446 0.1594  24.20  1.275   0.0241  65.12  0.069  0.190 0.917   0.000
 10 0.490 0.1544  22.06  1.207   0.0229  69.57  0.076  0.197 0.908   0.000
 11 0.534 0.1569  20.33  1.104   0.0212  77.09  0.083  0.194 0.901   0.000
 12 0.576 0.1611  18.79  1.003   0.0197  85.58  0.089  0.192 0.894   0.000
 13 0.617 0.1625  17.33  0.924   0.0187  92.59  0.096  0.194 0.883   0.000
 14 0.656 0.1629  16.07  0.859   0.0179  98.87  0.102  0.197 0.872   0.000
 15 0.694 0.1621  15.08  0.808   0.0174 104.10  0.108  0.199 0.861   0.000
 16 0.730 0.1620  14.22  0.761   0.0169 109.50  0.114  0.200 0.850   0.000
 17 0.765 0.1618  13.54  0.720   0.0165 114.56  0.119  0.200 0.841   0.000
 18 0.797 0.1611  13.03  0.686   0.0162 118.89  0.124  0.197 0.833   0.000
 19 0.827 0.1608  12.52  0.651   0.0159 123.24  0.129  0.195 0.824   0.000
 20 0.855 0.1611  12.13  0.616   0.0156 127.63  0.133  0.191 0.817   0.000
 21 0.881 0.1613  11.93  0.582   0.0154 131.67  0.137  0.183 0.813   0.000
 22 0.904 0.1608  11.78  0.548   0.0152 134.83  0.141  0.174 0.809   0.000
 23 0.925 0.1595  11.57  0.511   0.0151 136.80  0.144  0.167 0.802   0.000
 24 0.943 0.1577  11.33  0.469   0.0151 137.98  0.147  0.160 0.792   0.000
 25 0.959 0.1560  11.13  0.420   0.0151 138.89  0.150  0.152 0.779   0.000
 26 0.972 0.1548  10.98  0.364   0.0151 139.73  0.152  0.143 0.761   0.000
 27 0.983 0.1538  10.87  0.300   0.0152 140.46  0.154  0.133 0.734   0.000
 28 0.991 0.1531  10.78  0.229   0.0153 141.05  0.155  0.124 0.690   0.000
 29 0.997 0.1526  10.73  0.154   0.0155 141.42  0.156  0.115 0.611   0.000
 30 0.999 0.1522  10.68  0.090   0.0157 141.51  0.156  0.108 0.484   0.000
