
 ===========================================================================
 Free Tip Potential Formulation Solution:  Arbitrary blade                 
                                                  Wake adv. ratio:    0.08703
 no. blades :  2            radius(m)  :   0.2540     adv. ratio:     0.01880
 thrust(N)  :   6.59        power(W)   :   36.4       torque(N-m):  0.174    
 Efficiency :  0.1808       speed(m/s) :    1.000     rpm        :   2000.000
 Eff induced:  0.2160       Eff ideal  :   0.2395     Tcoef      :    53.0081
 Tnacel(N)  :     0.0000    hub rad.(m):   0.0324     disp. rad. :    0.0324
 Tvisc(N)   :    -0.0281    Pvisc(W)   :   5.81    
 rho(kg/m3) :   1.22600     Vsound(m/s):  340.000     mu(kg/m-s) : 0.1780E-04
 ---------------------------------------------------------------------------
Helicopter:  Sigma:    0.06487  CTh/s:    0.14437  FOM:    0.65815
                Ct:    0.07260     Cp:    0.02371    J:    0.05906
                Tc:   53.00813     Pc:  293.20096  adv:    0.01880

  i  r/R   c/R  beta(deg)  CL     Cd    REx10^3 Mach   effi  effp  na.u/U
  1 0.133 0.1027  26.93  1.519 s 0.1178  13.47  0.022  3.171 0.364   0.000
  2 0.151 0.1118  33.92  1.520 s 0.1224  15.62  0.023  0.788 0.654   0.000
  3 0.183 0.1209  41.05  1.527 s 0.1896  20.03  0.028  0.501 0.608   0.000
  4 0.222 0.1325  42.96  1.528 s 0.1889  26.55  0.034  0.358 0.638   0.000
  5 0.265 0.1447  39.26  1.518 s 0.0999  34.68  0.040  0.264 0.789   0.000
  6 0.309 0.1535  34.07  1.504 s 0.0389  43.26  0.047  0.200 0.914   0.000
  7 0.355 0.1583  30.05  1.427   0.0285  51.49  0.055  0.179 0.931   0.000
  8 0.400 0.1600  26.80  1.312   0.0255  58.90  0.062  0.179 0.926   0.000
  9 0.446 0.1592  24.20  1.204   0.0234  65.39  0.069  0.180 0.919   0.000
 10 0.490 0.1552  22.06  1.121   0.0221  70.20  0.076  0.183 0.910   0.000
 11 0.534 0.1495  20.33  1.053   0.0212  73.70  0.083  0.186 0.901   0.000
 12 0.576 0.1426  18.79  0.996   0.0206  75.94  0.090  0.190 0.889   0.000
 13 0.617 0.1345  17.33  0.946   0.0202  76.80  0.096  0.198 0.875   0.000
 14 0.656 0.1253  16.07  0.908   0.0201  76.20  0.102  0.209 0.859   0.000
 15 0.694 0.1154  15.08  0.884   0.0202  74.24  0.108  0.219 0.842   0.000
 16 0.730 0.1066  14.22  0.861   0.0203  72.19  0.114  0.229 0.824   0.000
 17 0.765 0.0982  13.54  0.843   0.0205  69.65  0.119  0.238 0.807   0.000
 18 0.797 0.0897  13.03  0.836   0.0209  66.34  0.124  0.247 0.791   0.000
 19 0.827 0.0823  12.52  0.826   0.0213  63.13  0.129  0.257 0.772   0.000
 20 0.855 0.0758  12.13  0.815   0.0217  60.15  0.133  0.264 0.756   0.000
 21 0.881 0.0699  11.93  0.806   0.0221  57.11  0.137  0.263 0.746   0.000
 22 0.904 0.0638  11.78  0.801   0.0226  53.55  0.141  0.262 0.736   0.000
 23 0.925 0.0574  11.57  0.797   0.0234  49.26  0.144  0.266 0.721   0.000
 24 0.943 0.0512  11.33  0.789   0.0243  44.81  0.147  0.270 0.704   0.000
 25 0.959 0.0459  11.13  0.767   0.0251  40.89  0.150  0.266 0.691   0.000
 26 0.972 0.0418  10.98  0.724   0.0257  37.75  0.152  0.249 0.685   0.000
 27 0.983 0.0386  10.87  0.655   0.0262  35.28  0.153  0.220 0.682   0.000
 28 0.991 0.0362  10.78  0.550   0.0266  33.35  0.155  0.186 0.675   0.000
 29 0.997 0.0343  10.73  0.407   0.0272  31.79  0.156  0.152 0.644   0.000
 30 0.999 0.0327  10.68  0.255   0.0281  30.44  0.156  0.128 0.563   0.000
