
 ===========================================================================
 Free Tip Potential Formulation Solution:  Arbitrary blade                 
                                                  Wake adv. ratio:    0.10570
 no. blades :  2            radius(m)  :   0.2667     adv. ratio:     0.01790
 thrust(N)  :   11.9        power(W)   :   80.3       torque(N-m):  0.383    
 Efficiency :  0.1483       speed(m/s) :    1.000     rpm        :   2000.000
 Eff induced:  0.1694       Eff ideal  :   0.1927     Tcoef      :    86.9232
 Tnacel(N)  :     0.0000    hub rad.(m):   0.0324     disp. rad. :    0.0324
 Tvisc(N)   :    -0.0502    Pvisc(W)   :   9.68    
 rho(kg/m3) :   1.22600     Vsound(m/s):  340.000     mu(kg/m-s) : 0.1780E-04
 ---------------------------------------------------------------------------
Helicopter:  Sigma:    0.08427  CTh/s:    0.16531  FOM:    0.69144
                Ct:    0.10798     Cp:    0.04094    J:    0.05624
                Tc:   86.92316     Pc:  586.03564  adv:    0.01790

  i  r/R   c/R  beta(deg)  CL     Cd    REx10^3 Mach   effi  effp  na.u/U
  1 0.127 0.0990  24.12  1.516 s 0.0966  14.09  0.023  5.382 0.291   0.000
  2 0.146 0.1084  30.29  1.517 s 0.1027  16.36  0.024  1.019 0.635   0.000
  3 0.178 0.1170  36.91  1.525 s 0.1633  21.02  0.029  0.640 0.584   0.000
  4 0.218 0.1284  41.69  1.531 s 0.2229  27.93  0.035  0.451 0.541   0.000
  5 0.262 0.1410  42.50  1.530 s 0.2042  36.67  0.042  0.326 0.594   0.000
  6 0.307 0.1502  39.26  1.523 s 0.1309  45.92  0.049  0.261 0.708   0.000
  7 0.353 0.1563  35.00  1.515 s 0.0694  55.15  0.056  0.219 0.826   0.000
  8 0.399 0.1604  31.34  1.505 s 0.0359  64.19  0.064  0.183 0.906   0.000
  9 0.444 0.1631  28.31  1.463   0.0256  73.02  0.072  0.162 0.930   0.000
 10 0.489 0.1634  25.86  1.387   0.0233  80.74  0.079  0.160 0.928   0.000
 11 0.533 0.1621  23.84  1.307   0.0217  87.44  0.086  0.161 0.923   0.000
 12 0.575 0.1587  22.12  1.238   0.0207  92.60  0.093  0.163 0.917   0.000
 13 0.616 0.1539  20.64  1.181   0.0199  96.40  0.100  0.167 0.909   0.000
 14 0.656 0.1488  19.41  1.132   0.0193  99.31  0.107  0.170 0.901   0.000
 15 0.694 0.1426  18.46  1.098   0.0190 100.76  0.113  0.173 0.894   0.000
 16 0.730 0.1360  17.71  1.074   0.0188 101.15  0.119  0.175 0.887   0.000
 17 0.764 0.1299  17.11  1.053   0.0187 101.25  0.125  0.176 0.880   0.000
 18 0.797 0.1247  16.62  1.029   0.0185 101.37  0.130  0.176 0.875   0.000
 19 0.827 0.1198  16.17  1.006   0.0184 101.10  0.135  0.175 0.869   0.000
 20 0.855 0.1153  15.80  0.982   0.0183 100.60  0.140  0.172 0.865   0.000
 21 0.880 0.1112  15.54  0.953   0.0182 100.03  0.144  0.167 0.862   0.000
 22 0.904 0.1071  15.32  0.920   0.0182  98.92  0.148  0.161 0.860   0.000
 23 0.925 0.1027  15.10  0.884   0.0182  97.00  0.151  0.155 0.857   0.000
 24 0.943 0.0983  14.88  0.837   0.0181  94.76  0.154  0.147 0.854   0.000
 25 0.959 0.0946  14.71  0.775   0.0181  92.79  0.157  0.138 0.850   0.000
 26 0.972 0.0918  14.57  0.692   0.0180  91.33  0.159  0.126 0.846   0.000
 27 0.983 0.0897  14.46  0.588   0.0179  90.29  0.161  0.113 0.837   0.000
 28 0.991 0.0882  14.38  0.462   0.0179  89.56  0.163  0.100 0.817   0.000
 29 0.997 0.0870  14.32  0.319   0.0182  89.02  0.164  0.089 0.772   0.000
 30 0.999 0.0860  14.27  0.190   0.0185  88.48  0.165  0.080 0.681   0.000
