
 ===========================================================================
 Free Tip Potential Formulation Solution:  Arbitrary blade                 
                                                  Wake adv. ratio:    0.09720
 no. blades :  2            radius(m)  :   0.2667     adv. ratio:     0.01790
 thrust(N)  :   10.2        power(W)   :   63.8       torque(N-m):  0.305    
 Efficiency :  0.1597       speed(m/s) :    1.000     rpm        :   2000.000
 Eff induced:  0.1842       Eff ideal  :   0.2066     Tcoef      :    74.3794
 Tnacel(N)  :     0.0000    hub rad.(m):   0.0324     disp. rad. :    0.0324
 Tvisc(N)   :    -0.0435    Pvisc(W)   :   8.24    
 rho(kg/m3) :   1.22600     Vsound(m/s):  340.000     mu(kg/m-s) : 0.1780E-04
 ---------------------------------------------------------------------------
Helicopter:  Sigma:    0.06618  CTh/s:    0.18010  FOM:    0.68871
                Ct:    0.09240     Cp:    0.03254    J:    0.05624
                Tc:   74.37940     Pc:  465.71359  adv:    0.01790

  i  r/R   c/R  beta(deg)  CL     Cd    REx10^3 Mach   effi  effp  na.u/U
  1 0.127 0.0990  24.12  1.515 s 0.0929  13.93  0.023  4.285 0.349   0.000
  2 0.146 0.1084  30.29  1.516 s 0.0943  16.25  0.024  0.915 0.677   0.000
  3 0.178 0.1170  36.91  1.524 s 0.1494  20.96  0.029  0.583 0.626   0.000
  4 0.218 0.1284  41.69  1.529 s 0.2046  27.92  0.035  0.414 0.581   0.000
  5 0.262 0.1410  42.50  1.528 s 0.1854  36.73  0.042  0.301 0.634   0.000
  6 0.307 0.1502  39.26  1.521 s 0.1151  46.05  0.049  0.240 0.748   0.000
  7 0.353 0.1563  35.00  1.512 s 0.0573  55.33  0.057  0.198 0.863   0.000
  8 0.399 0.1590  31.34  1.499   0.0308  63.90  0.064  0.166 0.924   0.000
  9 0.444 0.1583  28.31  1.446   0.0254  71.14  0.072  0.157 0.932   0.000
 10 0.489 0.1551  25.86  1.375   0.0236  76.87  0.079  0.158 0.927   0.000
 11 0.533 0.1504  23.84  1.304   0.0223  81.36  0.087  0.160 0.921   0.000
 12 0.575 0.1437  22.12  1.246   0.0215  84.07  0.094  0.164 0.913   0.000
 13 0.616 0.1358  20.64  1.199   0.0210  85.23  0.100  0.170 0.904   0.000
 14 0.656 0.1277  19.41  1.161   0.0207  85.33  0.107  0.175 0.895   0.000
 15 0.694 0.1185  18.46  1.140   0.0207  83.87  0.113  0.181 0.884   0.000
 16 0.730 0.1091  17.71  1.131   0.0209  81.27  0.119  0.188 0.874   0.000
 17 0.764 0.1004  17.11  1.124   0.0212  78.35  0.125  0.193 0.864   0.000
 18 0.797 0.0928  16.62  1.116   0.0214  75.46  0.130  0.197 0.854   0.000
 19 0.827 0.0855  16.17  1.110   0.0218  72.23  0.135  0.202 0.844   0.000
 20 0.855 0.0788  15.80  1.103   0.0221  68.86  0.140  0.206 0.834   0.000
 21 0.880 0.0728  15.54  1.094   0.0225  65.53  0.144  0.206 0.826   0.000
 22 0.904 0.0669  15.32  1.084   0.0230  61.82  0.148  0.205 0.819   0.000
 23 0.925 0.0608  15.10  1.074   0.0236  57.48  0.151  0.205 0.810   0.000
 24 0.943 0.0550  14.88  1.058   0.0242  53.07  0.154  0.203 0.801   0.000
 25 0.959 0.0502  14.71  1.023   0.0247  49.23  0.157  0.194 0.797   0.000
 26 0.972 0.0465  14.57  0.958   0.0249  46.21  0.159  0.177 0.798   0.000
 27 0.983 0.0436  14.46  0.856   0.0248  43.90  0.161  0.154 0.801   0.000
 28 0.991 0.0415  14.38  0.708   0.0246  42.14  0.163  0.128 0.798   0.000
 29 0.997 0.0399  14.32  0.516   0.0246  40.80  0.164  0.105 0.775   0.000
 30 0.999 0.0386  14.27  0.319   0.0251  39.67  0.165  0.089 0.708   0.000
