# Reynolds:  0.36718E+05
# Mach:  0.20334E+00
#  r/R          c/R          V (m/s)      AoA (deg)    beta (deg)   phi (deg)    Cl           Cd           s factor     Ue (m/s)     dp/ds (Pa/m) delta (m)    delta* (m)   theta (m)    tau_w (Pa)   x trans/c    Ue (m/s)     dp/ds (Pa/m) delta (m)    delta* (m)   theta (m)    tau_w (Pa)   x trans/c
#  0.51897E+00  0.17556E+00  0.10758E+02  0.69384E+01  0.20058E+02  0.12687E+02  0.10405E+01  0.45567E-01  0.10928E+00  0.10638E+02  0.17653E+04  0.49220E-02  0.23051E-02  0.72144E-03  0.79201E-01  0.54198E+00 -0.96826E+01 -0.60033E+03  0.16600E-03  0.45487E-03  0.12054E-03  0.14735E+00  0.10000E+01
#  x/c                -Cp                    delta*/c              theta/c               Cf                    BC
 0.99206706157050E+00  0.39047374819693E-01  0.46527684966279E-02  0.19465495741382E-02  0.73822182244463E-02 -1
 0.97620309436915E+00 -0.31378825864301E-01  0.53722496923597E-02  0.22590036991412E-02  0.61236957357385E-02 -1
 0.96034511791188E+00 -0.99201219690102E-01  0.61069384306443E-02  0.25786996448499E-02  0.51724942218870E-02 -1
 0.94449712435965E+00 -0.12425041129084E+00  0.69029883555097E-02  0.27758081204435E-02  0.39124739280245E-02 -1
 0.92866310336034E+00 -0.13265388295123E+00  0.72075896341876E-02  0.28137898646262E-02  0.33999361353651E-02 -1
 0.91284704104426E+00 -0.13624404641819E+00  0.71214749308322E-02  0.27996116546957E-02  0.33281505129888E-02  1
 0.89705291902074E+00 -0.13910798267534E+00  0.70177825361176E-02  0.27778862516781E-02  0.33432714962382E-02  1
 0.88128471337577E+00 -0.14226468362409E+00  0.69726890480821E-02  0.27588340882674E-02  0.33258282553251E-02  1
 0.86554639367101E+00 -0.14549015925017E+00  0.69612311633451E-02  0.27426471592841E-02  0.32763492459127E-02  1
 0.84984192194451E+00 -0.14851109330105E+00  0.69641646280827E-02  0.27271859781670E-02  0.32121873995860E-02  1
 0.83417525171325E+00 -0.15115804037846E+00  0.69692020265004E-02  0.27109179835246E-02  0.31461844666395E-02  1
 0.81855032697790E+00 -0.15336489727836E+00  0.69681003486484E-02  0.26928599578803E-02  0.30871665220656E-02  1
 0.80297108122994E+00 -0.15504183612734E+00  0.69555489050585E-02  0.26724699303614E-02  0.30409733912841E-02  1
 0.78744143646137E+00 -0.15630198207334E+00  0.69318996409950E-02  0.26499359457379E-02  0.30067795948581E-02  1
 0.77196530217744E+00 -0.15721502211978E+00  0.69004828384293E-02  0.26257756432424E-02  0.29805464894805E-02  1
 0.75654657441241E+00 -0.15786532854109E+00  0.68615866400933E-02  0.26000979558401E-02  0.29618350947529E-02  1
 0.74118913474876E+00 -0.15811447196459E+00  0.68083985702155E-02  0.25721848271692E-02  0.29593183474897E-02  1
 0.72589684934000E+00 -0.15783679245906E+00  0.67309787800918E-02  0.25410240765604E-02  0.29863506533833E-02  1
 0.71067356793742E+00 -0.15701687119857E+00  0.66282802596632E-02  0.25066779925450E-02  0.30467782385300E-02  1
 0.69552312292093E+00 -0.15602980139777E+00  0.65141068272297E-02  0.24709079213709E-02  0.31252530943853E-02  1
 0.68044932833424E+00 -0.15520820870294E+00  0.64049997044038E-02  0.24357388886579E-02  0.32003270559947E-02  1
 0.66545597892474E+00 -0.15459973960641E+00  0.63055308164901E-02  0.24017068212522E-02  0.32646056148471E-02  1
 0.65054684918818E+00 -0.15404711906757E+00  0.62091231077487E-02  0.23679799573069E-02  0.33266243937538E-02  1
 0.63572569241844E+00 -0.15334721501979E+00  0.61062852252463E-02  0.23334059194380E-02  0.34009196159063E-02  1
 0.62099623976269E+00 -0.15247152004755E+00  0.59940538432382E-02  0.22976719235565E-02  0.34937603191576E-02  1
 0.60636219928208E+00 -0.15163759836952E+00  0.58791688671930E-02  0.22616669329760E-02  0.35959184459922E-02  1
 0.59182725501823E+00 -0.15106873643973E+00  0.57703487919785E-02  0.22265023985008E-02  0.36928085886614E-02  1
 0.57739506606585E+00 -0.15077829099167E+00  0.56707757710572E-02  0.21925555600378E-02  0.37775216786321E-02  1
 0.56306926565152E+00 -0.15072619837809E+00  0.55792824490781E-02  0.21596245776453E-02  0.38503839900927E-02  1
 0.54885346021908E+00 -0.15081007128732E+00  0.54930589340333E-02  0.21272926219881E-02  0.39153219275855E-02  1
 0.53475122852174E+00 -0.15094767475625E+00  0.54085800863886E-02  0.20950674922957E-02  0.39784021029128E-02  1
 0.52076612072110E+00 -0.15103634305642E+00  0.53220189483692E-02  0.20624499261654E-02  0.40473443174812E-02  1
 0.50690165749346E+00 -0.15101237247833E+00  0.52305435957263E-02  0.20291048953310E-02  0.41289386597036E-02  1
 0.49316132914349E+00 -0.15091989238857E+00  0.51345625008274E-02  0.19951346012166E-02  0.42237335763336E-02  1
 0.47954859472556E+00 -0.15086522240262E+00  0.50373064511094E-02  0.19609960983149E-02  0.43257123214435E-02  1
 0.46606688117296E+00 -0.15095707594215E+00  0.49427834793167E-02  0.19272182321145E-02  0.44257345961566E-02  1
 0.45271958243516E+00 -0.15126729523697E+00  0.48536597091311E-02  0.18941169833764E-02  0.45162999840001E-02  1
 0.43951005862344E+00 -0.15173883668946E+00  0.47696881060287E-02  0.18615973430454E-02  0.45964648304141E-02  1
 0.42644163516494E+00 -0.15229550365150E+00  0.46886748943495E-02  0.18293079191321E-02  0.46705407814324E-02  1
 0.41351760196559E+00 -0.15284240481485E+00  0.46079394288860E-02  0.17968563304978E-02  0.47450698315606E-02  1
 0.40074121258179E+00 -0.15331692854594E+00  0.45253314759609E-02  0.17639520775493E-02  0.48261745615342E-02  1
 0.38811568340144E+00 -0.15372287986523E+00  0.44405113298088E-02  0.17305634959803E-02  0.49154973533489E-02  1
 0.37564419283416E+00 -0.15411666514880E+00  0.43549932318780E-02  0.16968965433328E-02  0.50090751318025E-02  1
 0.36332988051118E+00 -0.15456447190542E+00  0.42706198000229E-02  0.16631742440860E-02  0.51009936008141E-02  1
 0.35117584649495E+00 -0.15503244935368E+00  0.41870146763168E-02  0.16293091619777E-02  0.51918647745075E-02  1
 0.33918515049870E+00 -0.15539374958727E+00  0.41013246524180E-02  0.15949083438252E-02  0.52913534885377E-02  1
 0.32736081111621E+00 -0.15560020550472E+00  0.40121354885877E-02  0.15598066448645E-02  0.54057183561402E-02  1
 0.31570580506183E+00 -0.15580425642412E+00  0.39225666415613E-02  0.15244241584577E-02  0.55245793732987E-02  1
 0.30422306642118E+00 -0.15615758785026E+00  0.38370131210281E-02  0.14892746706000E-02  0.56298727439078E-02  1
 0.29291548591247E+00 -0.15657956790684E+00  0.37547587664320E-02  0.14541464795647E-02  0.57214192998315E-02  1
 0.28178591015877E+00 -0.15671916679212E+00  0.36677933327725E-02  0.14179497929627E-02  0.58318166774272E-02  1
 0.27083714097143E+00 -0.15626829195990E+00  0.35663365086207E-02  0.13795555290357E-02  0.60097646559006E-02  1
 0.26007193464468E+00 -0.15531267486591E+00  0.34489692023003E-02  0.13390403193319E-02  0.62767379924180E-02  1
 0.24949300126180E+00 -0.15453630834952E+00  0.33262777923442E-02  0.12979873023097E-02  0.65963521358821E-02  1
 0.23910300401284E+00 -0.15449702837546E+00  0.32093720401749E-02  0.12579071094477E-02  0.69142626829161E-02  1
 0.22890455852420E+00 -0.15506680768578E+00  0.30989383620389E-02  0.12188293355180E-02  0.72219537740620E-02  1
 0.21890023220013E+00 -0.15601062889977E+00  0.29895840353702E-02  0.11799906327593E-02  0.75498815326928E-02  1
 0.20909254357641E+00 -0.15721858966919E+00  0.28776620743742E-02  0.11409572524921E-02  0.79277844432977E-02  1
 0.19948396168636E+00 -0.15895806929298E+00  0.27640565684812E-02  0.11019737770163E-02  0.83595817061720E-02  1
 0.19007690543921E+00 -0.16152192367724E+00  0.26525955861412E-02  0.10636819447517E-02  0.88238347417475E-02  1
 0.18087374301120E+00 -0.16529276809769E+00  0.25471425980039E-02  0.10266570325556E-02  0.92865523800772E-02  1
 0.17187679124937E+00 -0.17021152099545E+00  0.24489858056188E-02  0.99101620282432E-03  0.97268963751783E-02  1
 0.16308831508836E+00 -0.17627040320872E+00  0.23574067662032E-02  0.95651821189952E-03  0.10137998242274E-01  1
 0.15451052698015E+00 -0.18316298334002E+00  0.22707562418579E-02  0.92275135922528E-03  0.10524920451863E-01  1
 0.14614558633716E+00 -0.19082120984057E+00  0.21876193486891E-02  0.88932371975246E-03  0.10891381234317E-01  1
 0.13799559898857E+00 -0.19898741944897E+00  0.21058979416553E-02  0.85572964231900E-03  0.11253426704646E-01  1
 0.13006261665022E+00 -0.20729505467506E+00  0.20200149266829E-02  0.82105663306969E-03  0.11687337060105E-01  1
 0.12234863640812E+00 -0.21548677362356E+00  0.19235099210929E-02  0.78460175327449E-03  0.12322351363434E-01  1
 0.11485560021564E+00 -0.22453891065337E+00  0.18170748940310E-02  0.74708226663082E-03  0.13223811885630E-01  1
 0.10758539440467E+00 -0.23628606113437E+00  0.17113191473333E-02  0.71075435753093E-03  0.14280660340554E-01  1
 0.10053984921075E+00 -0.25255249600836E+00  0.16184068290130E-02  0.67774132958366E-03  0.15244284390419E-01  1
 0.93720738312309E-01 -0.27261940201637E+00  0.15409012646293E-02  0.64808472938880E-03  0.15973699791931E-01  1
 0.87129778384140E-01 -0.29526075070177E+00  0.14730718329219E-02  0.62012470867525E-03  0.16506341056359E-01  1
 0.80768628665251E-01 -0.31867570457672E+00  0.14059919055289E-02  0.59184018436279E-03  0.17029076103788E-01  1
 0.74638890541154E-01 -0.34280263805819E+00  0.13334440913290E-02  0.56222651647195E-03  0.17733913985516E-01  1
 0.68742107140729E-01 -0.36873833203858E+00  0.12563482662482E-02  0.53189544688876E-03  0.18659496495002E-01  1
 0.63079762947743E-01 -0.39834139980834E+00  0.11800122902222E-02  0.50218111877194E-03  0.19674031052405E-01  1
 0.57653283427148E-01 -0.43191706764022E+00  0.11076396780659E-02  0.47383134525424E-03  0.20666162963316E-01  1
 0.52464034666217E-01 -0.46997868465494E+00  0.10401549679910E-02  0.44697143172853E-03  0.21547907349494E-01  1
 0.47513323030650E-01 -0.51162708343195E+00  0.97632852789455E-03  0.42130150593826E-03  0.22335842528117E-01  1
 0.42802394835693E-01 -0.55725887403589E+00  0.91564460333088E-03  0.39671965153856E-03  0.22998901634854E-01  1
 0.38332436032394E-01 -0.60621068773846E+00  0.85791182412303E-03  0.37325424670033E-03  0.23513119135518E-01  1
 0.34104571909040E-01 -0.65877569515023E+00  0.80393822140958E-03  0.35106836826209E-03  0.23741761671829E-01  1
 0.30119866807873E-01 -0.71327913000776E+00  0.75299740550765E-03  0.32984010841428E-03  0.23646599969477E-01  1
 0.26379323857149E-01 -0.76885328524330E+00  0.70355449436135E-03  0.30890622983470E-03  0.23184675212233E-01  1
 0.22883884718605E-01 -0.82335363131175E+00  0.65335536879346E-03  0.28764985815698E-03  0.22445461160745E-01  1
 0.19634429350400E-01 -0.87618404399165E+00  0.60320289260137E-03  0.26620906862805E-03  0.21220785265118E-01  1
 0.16631775785591E-01 -0.92468219672721E+00  0.55286000336221E-03  0.24457411813737E-03  0.19435513643839E-01  1
 0.13876679926199E-01 -0.96550416400772E+00  0.57707106335043E-03  0.25802738980918E-03  0.13817420585444E-01  1
 0.11369835352910E-01 -0.99247458800511E+00  0.10191898550155E-02  0.45703580942398E-03  0.14194590642118E-02  1
 0.91118731504758E-02 -0.99929075228384E+00  0.82849311707620E-03  0.37148234203733E-03  0.12176876660510E-03  1
 0.71033617488364E-02 -0.97884153054164E+00  0.47261027695487E-03  0.21131466547836E-03  0.73430426783620E-02  1
 0.53448067800247E-02 -0.92428279750845E+00  0.44235846769752E-03  0.19726958178675E-03  0.16603223134969E-01  1
 0.38366509508745E-02 -0.82966172374621E+00  0.45046830954406E-03  0.20060038589986E-03  0.25699221706602E-01  1
 0.25792739315716E-02 -0.68464985801913E+00  0.44922423572579E-03  0.20091331260132E-03  0.36489762379197E-01  1
 0.15729922600740E-02 -0.47521381062987E+00  0.42600112251979E-03  0.19089659409221E-03  0.50821789796084E-01  1
 0.81805926242545E-03 -0.18850799491159E+00  0.38419670223232E-03  0.17211438591339E-03  0.70863118712332E-01  1
 0.31466498898136E-03  0.14885799715064E+00  0.34405149614299E-03  0.15418142944039E-03  0.94808902987420E-01  1

 0.12587233313022E-03  0.44039413142664E+00  0.34223787513501E-03  0.15234093062788E-03  0.10548052340930E+00  1
 0.31466498898136E-03  0.61799995447669E+00  0.38552515127328E-03  0.16429769177517E-03  0.90372431728823E-01  1
 0.81805926242545E-03  0.71610094684089E+00  0.46264054327743E-03  0.19047378316894E-03  0.71927094427474E-01  1
 0.15729922600740E-02  0.83682871632599E+00  0.52371084658146E-03  0.21794807259208E-03  0.67737512179103E-01  1
 0.25792739315716E-02  0.10286583789742E+01  0.54891414462388E-03  0.23488920543588E-03  0.72694460530434E-01  1
 0.38366509508745E-02  0.12616600776506E+01  0.56441809959405E-03  0.24500269992363E-03  0.77328069870932E-01  1
 0.53448067800247E-02  0.14702556767629E+01  0.59223894868734E-03  0.25559364382990E-03  0.76208064594161E-01  1
 0.71033617488364E-02  0.16082253033874E+01  0.64564973186508E-03  0.27205549652356E-03  0.68179845760495E-01  1
 0.91118731504758E-02  0.16734998163246E+01  0.72487340409261E-03  0.29568621345388E-03  0.57129906347804E-01  1
 0.11369835352910E-01  0.16993068733829E+01  0.81635886284593E-03  0.32341231323819E-03  0.47609308169246E-01  1
 0.13876679926199E-01  0.17018446246738E+01  0.91344299355547E-03  0.35330212664311E-03  0.40180511902675E-01  1
 0.16631775785591E-01  0.16908375545300E+01  0.10156312903445E-02  0.38467293609378E-03  0.34231542372613E-01  1
 0.19634429350400E-01  0.16694564624299E+01  0.11224822377733E-02  0.41716250769603E-03  0.29384996497231E-01  1
 0.22883884718605E-01  0.16448799283973E+01  0.12249007785095E-02  0.44954269694804E-03  0.25940184821122E-01  1
 0.26379323857149E-01  0.16249503572553E+01  0.13113132911201E-02  0.48038758287024E-03  0.24047358996545E-01  1
 0.30119866807873E-01  0.16119675570806E+01  0.13804095090917E-02  0.50904364646285E-03  0.23223098749195E-01  1
 0.34104571909040E-01  0.16040761013950E+01  0.14420366274320E-02  0.53623941035107E-03  0.22721157643482E-01  1
 0.38332436032394E-01  0.15975767872540E+01  0.15057994407705E-02  0.56310151423493E-03  0.22073878960319E-01  1
 0.42802394835693E-01  0.15910519182133E+01  0.15738448698878E-02  0.59008687374371E-03  0.21252429087188E-01  1
 0.47513323030650E-01  0.15848146939554E+01  0.16426279306872E-02  0.61693340944627E-03  0.20442673536641E-01  1
 0.52464034666217E-01  0.15800671415589E+01  0.17084757130160E-02  0.64324298674957E-03  0.19775635578784E-01  1
 0.57653283427148E-01  0.15766688183426E+01  0.17727260575493E-02  0.66913700494352E-03  0.19184398684427E-01  1
 0.63079762947743E-01  0.15728686553986E+01  0.18422822019007E-02  0.69550458872865E-03  0.18463145384343E-01  1
 0.68742107140729E-01  0.15659717945871E+01  0.19269631770916E-02  0.72371826865125E-03  0.17397497730833E-01  1
 0.74638890541154E-01  0.15535199357584E+01  0.20321060732286E-02  0.75458909086450E-03  0.15973490140524E-01  1
 0.80768628665251E-01  0.15368342218735E+01  0.21519193888009E-02  0.78751002011891E-03  0.14455342585410E-01  1
 0.87129778384140E-01  0.15189278437658E+01  0.22714936320809E-02  0.82079660575654E-03  0.13177074445314E-01  1
 0.93720738312309E-01  0.15028756109254E+01  0.23743700385269E-02  0.85263558320356E-03  0.12350251117835E-01  1
 0.10053984921075E+00  0.14902813551295E+01  0.24549431520795E-02  0.88229486384305E-03  0.11947191642199E-01  1
 0.10758539440467E+00  0.14801500668210E+01  0.25217899813554E-02  0.91038553176508E-03  0.11758889724337E-01  1
 0.11485560021564E+00  0.14710767459595E+01  0.25865778620996E-02  0.93796847334296E-03  0.11591557030833E-01  1
 0.12234863640812E+00  0.14620807516701E+01  0.26555743958861E-02  0.96573986431698E-03  0.11362573275324E-01  1
 0.13006261665022E+00  0.14529251987425E+01  0.27303543706638E-02  0.99396683153010E-03  0.11064985529215E-01  1
 0.13799559898857E+00  0.14432819448678E+01  0.28125104737708E-02  0.10229089543895E-02  0.10694343085391E-01  1
 0.14614558633716E+00  0.14326166266410E+01  0.29035106477412E-02  0.10527987672448E-02  0.10250490251961E-01  1
 0.15451052698015E+00  0.14210106151010E+01  0.30025611481196E-02  0.10836129053509E-02  0.97598939699579E-02  1
 0.16308831508836E+00  0.14085473180342E+01  0.31087565271716E-02  0.11152864796020E-02  0.92452356127058E-02  1
 0.17187679124937E+00  0.13950562277886E+01  0.32247243089507E-02  0.11480824996303E-02  0.86943485465102E-02  1
 0.18087374301120E+00  0.13798842054003E+01  0.33546009173936E-02  0.11823805796530E-02  0.80888211690027E-02  1
 0.19007690543921E+00  0.13631143090904E+01  0.34998306717890E-02  0.12182529478788E-02  0.74403503297962E-02  1
 0.19948396168636E+00  0.13447317966902E+01  0.36606728030639E-02  0.12556071650566E-02  0.67684939662170E-02  1
 0.20909254357641E+00  0.13246440470037E+01  0.38435356984943E-02  0.12947900198051E-02  0.60558644826057E-02  1
 0.21890023220013E+00  0.13019593507423E+01  0.40678954382080E-02  0.13368939998350E-02  0.52352777099331E-02  1
 0.22890455852420E+00  0.12770309169421E+01  0.43827673415478E-02  0.13839939096652E-02  0.41738567020714E-02  1
 0.23910300401284E+00  0.12521323749069E+01  0.49374596926402E-02  0.14387311242113E-02  0.25819575637682E-02  1
 0.24949300126180E+00  0.12312281131710E+01  0.57464921147667E-02  0.15025493720651E-02  0.10328221583363E-02  1
 0.26007193464468E+00  0.12173444777145E+01  0.59375663746567E-02  0.15428610422332E-02  0.93966830064214E-03  1
 0.27083714097143E+00  0.12089236920803E+01  0.60926305486320E-02  0.15744656577027E-02  0.85620858990186E-03  1
 0.28178591015877E+00  0.12038126878669E+01  0.62044540734179E-02  0.15952330122630E-02  0.77218196520001E-03  1
 0.29291548591247E+00  0.11996610748411E+01  0.62852198090465E-02  0.16079882319466E-02  0.68242384266322E-03  1
 0.30422306642118E+00  0.11956117287773E+01  0.63511555624669E-02  0.16164016841346E-02  0.58582961097506E-03  1
 0.31570580506183E+00  0.11917177282431E+01  0.64172504139844E-02  0.16232874727905E-02  0.48137959488771E-03  1
 0.32736081111621E+00  0.11885778438231E+01  0.65147994265483E-02  0.16298460834033E-02  0.33852538736679E-03 -1
 0.33918515049870E+00  0.11863390413579E+01  0.65576690434680E-02  0.16351422056864E-02  0.30291087472349E-03 -1
 0.35117584649495E+00  0.11848550538904E+01  0.65969276716184E-02  0.16406446588437E-02  0.27504828109734E-03 -1
 0.36332988051118E+00  0.11837320510695E+01  0.66350591410655E-02  0.16465689604961E-02  0.25209142791380E-03 -1
 0.37564419283416E+00  0.11827723579080E+01  0.66727023477431E-02  0.16530253841587E-02  0.23351160586431E-03 -1
 0.38811568340144E+00  0.11818564421145E+01  0.67101699533838E-02  0.16600071078464E-02  0.21867635032792E-03 -1
 0.40074121258179E+00  0.11809504320209E+01  0.67473037959402E-02  0.16673760752458E-02  0.20695134955659E-03 -1
 0.41351760196559E+00  0.11800423154835E+01  0.67834750811667E-02  0.16748801804411E-02  0.19774688805708E-03 -1
 0.42644163516494E+00  0.11791270125778E+01  0.68184522565865E-02  0.16823828446719E-02  0.19053296454885E-03 -1
 0.43951005862344E+00  0.11781937624147E+01  0.68528404033476E-02  0.16899727097774E-02  0.18485485738113E-03 -1
 0.45271958243516E+00  0.11771625346427E+01  0.68877066844334E-02  0.16978657074922E-02  0.18034230754307E-03 -1
 0.46606688117296E+00  0.11757368032015E+01  0.69242435531051E-02  0.17063191079217E-02  0.17669225575748E-03 -1
 0.47954859472556E+00  0.11722894259019E+01  0.69634122286022E-02  0.17155414356123E-02  0.17357355335806E-03 -1
 0.49316132914349E+00  0.11623573101725E+01  0.70056487683874E-02  0.17256139699162E-02  0.17048800130178E-03 -1
 0.50690165749346E+00  0.11297279265375E+01  0.70498425410540E-02  0.17362342854352E-02  0.16608304866351E-03 -1
 0.52076612072110E+00  0.10491952294674E+01  0.70915469157106E-02  0.17462709316075E-02  0.15837842942348E-03 -1
 0.53475122852174E+00  0.88118483212399E+00  0.71260605872275E-02  0.17545471423284E-02  0.14429877012303E-03 -1
 0.54885346021908E+00  0.64625265453386E+00  0.71560537060779E-02  0.17617384097096E-02  0.12533540977454E-03 -1
 0.56306926565152E+00  0.43838735908730E+00  0.50662271206997E-02  0.17721539712142E-02  0.15604801392650E-02 -1
 0.57739506606585E+00  0.34822930941567E+00  0.35024586475647E-02  0.18186970894832E-02  0.74444078289027E-02 -1
 0.59182725501823E+00  0.35801064475381E+00  0.34941234754341E-02  0.19348453858158E-02  0.87655147254428E-02 -1
 0.60636219928208E+00  0.39595239813214E+00  0.41414233160179E-02  0.21822875154708E-02  0.69907169363594E-02 -1
 0.62099623976269E+00  0.42550406720001E+00  0.86320295154304E-02  0.27857327267694E-02  0.70708762279051E-03 -1
 0.63572569241844E+00  0.43501958580215E+00  0.14915988597498E-01  0.44287954013518E-02  0.27432477541470E-03 -1
 0.65054684918818E+00  0.41679509829367E+00  0.23584824766659E-01  0.70204185638460E-02  0.20716481428733E-03 -1
 0.66545597892474E+00  0.37494458716800E+00  0.30314471523319E-01  0.90163966637547E-02  0.17254848138766E-03 -1
 0.68044932833424E+00  0.32275339597670E+00  0.31143471656457E-01  0.92516768414880E-02  0.66645850990197E-05 -1
 0.69552312292093E+00  0.27446556530304E+00  0.29435916964235E-01  0.87412032705287E-02  0.65480501970210E-05 -1
 0.71067356793742E+00  0.23526692668465E+00  0.28359555411305E-01  0.84226628720926E-02  0.64414430996724E-05 -1
 0.72589684934000E+00  0.20389246621337E+00  0.28392613385322E-01  0.84346649235707E-02  0.63422402000200E-05 -1
 0.74118913474876E+00  0.17923105471598E+00  0.29101449080168E-01  0.86471492964584E-02  0.62403863597980E-05 -1
 0.75654657441241E+00  0.15882588002557E+00  0.30018335433338E-01  0.89208332359388E-02  0.61103285807609E-05 -1
 0.77196530217744E+00  0.14038048198099E+00  0.30881776748920E-01  0.91782195648828E-02  0.58631215807603E-05 -1
 0.78744143646137E+00  0.12006016050897E+00  0.31601504236476E-01  0.93926226840880E-02  0.53704718826079E-05 -1
 0.80297108122994E+00  0.93872579948555E-01  0.32165873398671E-01  0.95606805440718E-02  0.44589642682592E-05 -1
 0.81855032697790E+00  0.64551496722095E-01  0.32593673398043E-01  0.96880343637540E-02  0.33112584337263E-05 -1
 0.83417525171325E+00  0.42070563678316E-01  0.32590825390151E-01  0.97819203998300E-02  0.69943182935434E-04  2
 0.84984192194451E+00  0.32674679230576E-01  0.32737789085508E-01  0.98494769323242E-02  0.11670405067054E-03  2
 0.86554639367101E+00  0.32774576744789E-01  0.32851382525329E-01  0.98966614938927E-02  0.17235228706418E-03  2
 0.88128471337577E+00  0.35311311255195E-01  0.32929466080141E-01  0.99287060936041E-02  0.22936493443391E-03  2
 0.89705291902074E+00  0.37155376079847E-01  0.32979643301408E-01  0.99501059253706E-02  0.27435212296116E-03  2
 0.91284704104426E+00  0.38033443747038E-01  0.33013910878232E-01  0.99656643307412E-02  0.30109891136051E-03  2
 0.92866310336034E+00  0.38404288311614E-01  0.33048725566478E-01  0.99814820371877E-02  0.30268835333224E-03  2
 0.94449712435965E+00  0.38636686786397E-01  0.33117431381435E-01  0.10008604566986E-01  0.25907714153201E-03  2
 0.96034511791188E+00  0.38808399975648E-01  0.33450594447820E-01  0.10089924723407E-01  0.88497609046823E-04  2
 0.97620309436915E+00  0.38927733686578E-01  0.34793869996921E-01  0.10389754556374E-01  0.71586784223002E-05 -2
 0.99206706157050E+00  0.39047374819690E-01  0.37552287401083E-01  0.11219111287806E-01  0.00000000000000E+00 -2
