# Reynolds:  0.30763E+05
# Mach:  0.16590E+00
#  r/R          c/R          V (m/s)      AoA (deg)    beta (deg)   phi (deg)    Cl           Cd           s factor     Ue (m/s)     dp/ds (Pa/m) delta (m)    delta* (m)   theta (m)    tau_w (Pa)   x trans/c    Ue (m/s)     dp/ds (Pa/m) delta (m)    delta* (m)   theta (m)    tau_w (Pa)   x trans/c
#  0.42474E+00  0.18029E+00  0.87771E+01  0.80394E+01  0.24086E+02  0.15309E+02  0.11786E+01  0.54374E-01  0.11507E+00  0.87275E+01  0.10135E+04  0.95801E-02  0.23414E-02  0.90255E-03  0.11676E+00  0.59710E+00 -0.76849E+01 -0.58542E+03 -0.84228E-03  0.88464E-03  0.15273E-03  0.63972E-01  0.10000E+01
#  x/c                -Cp                    delta*/c              theta/c               Cf                    BC
 0.99206706157050E+00 -0.85290187072615E-01  0.83716426386136E-02  0.21475186471797E-02  0.40509965426071E-03 -1
 0.97620309436915E+00 -0.87304355131948E-01  0.99588270253172E-02  0.25605592332478E-02  0.39723439675161E-03 -1
 0.96034511791188E+00 -0.89213502567084E-01  0.11919861814842E-01  0.30741266874118E-02  0.38443760669827E-03 -1
 0.94449712435965E+00 -0.90013367318924E-01  0.13334189037540E-01  0.34527037681294E-02  0.37835608729978E-03 -1
 0.92866310336034E+00 -0.91471173712128E-01  0.13098674592105E-01  0.34058642846881E-02  0.40066328766425E-03 -1
 0.91284704104426E+00 -0.95654041640315E-01  0.12559048053038E-01  0.32800557368467E-02  0.43362508848418E-03 -1
 0.89705291902074E+00 -0.10488962265460E+00  0.10070643766916E-01  0.31234561889513E-02  0.13222172754615E-02  1
 0.88128471337577E+00 -0.11800025120624E+00  0.89140493148077E-02  0.30162153214078E-02  0.19525227897256E-02  1
 0.86554639367101E+00 -0.13131034247517E+00  0.83298227087371E-02  0.29376627109290E-02  0.23056778417064E-02  1
 0.84984192194451E+00 -0.14208418724100E+00  0.79634886534937E-02  0.28764612676596E-02  0.25265801807977E-02  1
 0.83417525171325E+00 -0.14990459915298E+00  0.77131463295360E-02  0.28269797333101E-02  0.26729070090239E-02  1
 0.81855032697790E+00 -0.15612712103165E+00  0.75499183199438E-02  0.27869764527947E-02  0.27509724000162E-02  1
 0.80297108122994E+00 -0.16154790897289E+00  0.74581313298564E-02  0.27544124583174E-02  0.27637195298170E-02  1
 0.78744143646137E+00 -0.16641695609720E+00  0.74188280938108E-02  0.27261640602871E-02  0.27124842564311E-02  1
 0.77196530217744E+00 -0.17041714248263E+00  0.73938886775862E-02  0.26983781201839E-02  0.26490893196672E-02  1
 0.75654657441241E+00 -0.17343367166133E+00  0.73552303231889E-02  0.26681145187785E-02  0.26019109737016E-02  1
 0.74118913474876E+00 -0.17532741011672E+00  0.72848137175294E-02  0.26337823934327E-02  0.25896163435329E-02  1
 0.72589684934000E+00 -0.17630119960258E+00  0.71757633342281E-02  0.25950095273667E-02  0.26205942792555E-02  1
 0.71067356793742E+00 -0.17635033184014E+00  0.70256260998867E-02  0.25517796533373E-02  0.27016723738237E-02  1
 0.69552312292093E+00 -0.17565463401938E+00  0.68376753733984E-02  0.25045117946258E-02  0.28358566997763E-02  1
 0.68044932833424E+00 -0.17440658009694E+00  0.66266442508028E-02  0.24547319670813E-02  0.30137107733630E-02  1
 0.66545597892474E+00 -0.17309800432860E+00  0.64162905168765E-02  0.24050506069556E-02  0.32096247079843E-02  1
 0.65054684918818E+00 -0.17213772733120E+00  0.62265258741293E-02  0.23578710559121E-02  0.33947711421559E-02  1
 0.63572569241844E+00 -0.17161391046172E+00  0.60627674252005E-02  0.23139900534488E-02  0.35554396315461E-02  1
 0.62099623976269E+00 -0.17150466975627E+00  0.59216081642979E-02  0.22730704227293E-02  0.36908518948877E-02  1
 0.60636219928208E+00 -0.17166184044677E+00  0.57970984517876E-02  0.22343697986763E-02  0.38062479116999E-02  1
 0.59182725501823E+00 -0.17203088328714E+00  0.56846063361743E-02  0.21972632542480E-02  0.39064174457503E-02  1
 0.57739506606585E+00 -0.17253943990427E+00  0.55809992332897E-02  0.21612975244996E-02  0.39947243940026E-02  1
 0.56306926565152E+00 -0.17311519206461E+00  0.54821995064789E-02  0.21258994718726E-02  0.40774574158592E-02  1
 0.54885346021908E+00 -0.17363266828264E+00  0.53827106158991E-02  0.20903407277539E-02  0.41652308429219E-02  1
 0.53475122852174E+00 -0.17399104400807E+00  0.52775539620983E-02  0.20540078440749E-02  0.42695811362819E-02  1
 0.52076612072110E+00 -0.17422396966101E+00  0.51659485502691E-02  0.20168680979453E-02  0.43944751651049E-02  1
 0.50690165749346E+00 -0.17445944427030E+00  0.50514940039076E-02  0.19794619454836E-02  0.45341098426774E-02  1
 0.49316132914349E+00 -0.17486687749470E+00  0.49398598289388E-02  0.19425793803892E-02  0.46758631581665E-02  1
 0.47954859472556E+00 -0.17557816297207E+00  0.48354630117422E-02  0.19068015649042E-02  0.48074777803562E-02  1
 0.46606688117296E+00 -0.17655450391924E+00  0.47390554843130E-02  0.18721714355563E-02  0.49245507858904E-02  1
 0.45271958243516E+00 -0.17774991085849E+00  0.46492032385985E-02  0.18384129490881E-02  0.50283754320170E-02  1
 0.43951005862344E+00 -0.17905965360536E+00  0.45633906578925E-02  0.18051040190547E-02  0.51241091993216E-02  1
 0.42644163516494E+00 -0.18037365983180E+00  0.44778960978765E-02  0.17716872815082E-02  0.52218538809308E-02  1
 0.41351760196559E+00 -0.18158133536052E+00  0.43889844452694E-02  0.17376575675404E-02  0.53337567280627E-02  1
 0.40074121258179E+00 -0.18267634665789E+00  0.42954546108223E-02  0.17029063888616E-02  0.54658262579341E-02  1
 0.38811568340144E+00 -0.18381148202579E+00  0.42003187668000E-02  0.16679073157635E-02  0.56100824096540E-02  1
 0.37564419283416E+00 -0.18514221694387E+00  0.41077020638182E-02  0.16332363883691E-02  0.57524417052982E-02  1
 0.36332988051118E+00 -0.18665858096550E+00  0.40187201860487E-02  0.15989975253323E-02  0.58874407987702E-02  1
 0.35117584649495E+00 -0.18827119653967E+00  0.39315118010677E-02  0.15648702383336E-02  0.60207273609190E-02  1
 0.33918515049870E+00 -0.18987709985378E+00  0.38439420654126E-02  0.15305244157022E-02  0.61605081362286E-02  1
 0.32736081111621E+00 -0.19151354993986E+00  0.37565085322973E-02  0.14960155492364E-02  0.63049098548920E-02  1
 0.31570580506183E+00 -0.19328979931564E+00  0.36718955017049E-02  0.14616675700299E-02  0.64409749558840E-02  1
 0.30422306642118E+00 -0.19516803812388E+00  0.35902039112572E-02  0.14273849948390E-02  0.65655102827546E-02  1
 0.29291548591247E+00 -0.19687354445846E+00  0.35060295923189E-02  0.13923351492690E-02  0.67032013046574E-02  1
 0.28178591015877E+00 -0.19816949479898E+00  0.34127781344625E-02  0.13556734154953E-02  0.68916001787647E-02  1
 0.27083714097143E+00 -0.19920781566284E+00  0.33098315640705E-02  0.13175106743819E-02  0.71441138372966E-02  1
 0.26007193464468E+00 -0.20037418279290E+00  0.32029575136684E-02  0.12788253930018E-02  0.74391228305417E-02  1
 0.24949300126180E+00 -0.20201528948581E+00  0.30987901012538E-02  0.12406019870523E-02  0.77407520437837E-02  1
 0.23910300401284E+00 -0.20420033473285E+00  0.29990140941413E-02  0.12030093424412E-02  0.80350416444556E-02  1
 0.22890455852420E+00 -0.20658071304428E+00  0.28985629445405E-02  0.11652670537347E-02  0.83558036685462E-02  1
 0.21890023220013E+00 -0.20904381145162E+00  0.27922345499986E-02  0.11267368590826E-02  0.87507129160591E-02  1
 0.20909254357641E+00 -0.21189960897422E+00  0.26812010178007E-02  0.10878282099791E-02  0.92288935457303E-02  1
 0.19948396168636E+00 -0.21576344145502E+00  0.25711860889630E-02  0.10495909274587E-02  0.97561015198799E-02  1
 0.19007690543921E+00 -0.22090848410516E+00  0.24669718751155E-02  0.10128297443010E-02  0.10290765173226E-01  1
 0.18087374301120E+00 -0.22759358122653E+00  0.23708917882751E-02  0.97785078949361E-03  0.10798239006979E-01  1
 0.17187679124937E+00 -0.23553486634299E+00  0.22821207053262E-02  0.94437462912319E-03  0.11272083727008E-01  1
 0.16308831508836E+00 -0.24459155183583E+00  0.21980431732299E-02  0.91182508372859E-03  0.11728807402301E-01  1
 0.15451052698015E+00 -0.25443214850676E+00  0.21159741882529E-02  0.87967261288114E-03  0.12196752510478E-01  1
 0.14614558633716E+00 -0.26515756396566E+00  0.20349192390601E-02  0.84772358927300E-03  0.12688070483818E-01  1
 0.13799559898857E+00 -0.27681481448648E+00  0.19557336147577E-02  0.81605778649530E-03  0.13187863141005E-01  1
 0.13006261665022E+00 -0.28945309617653E+00  0.18785511013460E-02  0.78454472721977E-03  0.13685309073439E-01  1
 0.12234863640812E+00 -0.30268309588274E+00  0.18009286467427E-02  0.75263591813629E-03  0.14218680206405E-01  1
 0.11485560021564E+00 -0.31652624722940E+00  0.17200644064450E-02  0.71988616265554E-03  0.14851362926411E-01  1
 0.10758539440467E+00 -0.33130362855494E+00  0.16356119079699E-02  0.68643642176757E-03  0.15620464580225E-01  1
 0.10053984921075E+00 -0.34783794105292E+00  0.15495408706492E-02  0.65287604874535E-03  0.16517694220024E-01  1
 0.93720738312309E-01 -0.36659308767794E+00  0.14638837234764E-02  0.61982486591071E-03  0.17529625761509E-01  1
 0.87129778384140E-01 -0.38856939799291E+00  0.13813249656231E-02  0.58796687351191E-03  0.18599562710248E-01  1
 0.80768628665251E-01 -0.41389716490599E+00  0.13035219590065E-02  0.55770601596553E-03  0.19676722195055E-01  1
 0.74638890541154E-01 -0.44305298570189E+00  0.12311658967980E-02  0.52913146254344E-03  0.20704980958266E-01  1
 0.68742107140729E-01 -0.47534388794012E+00  0.11630427829189E-02  0.50198317828183E-03  0.21707678693783E-01  1
 0.63079762947743E-01 -0.51120888467094E+00  0.10988516500648E-02  0.47625128698094E-03  0.22669810893575E-01  1
 0.57653283427148E-01 -0.55026357037665E+00  0.10389452896257E-02  0.45202455790032E-03  0.23553037627825E-01  1
 0.52464034666217E-01 -0.59248001138992E+00  0.98350433080510E-03  0.42915125209866E-03  0.24287541226906E-01  1
 0.47513323030650E-01 -0.63629520467941E+00  0.93047272272739E-03  0.40691749550172E-03  0.24943568888136E-01  1
 0.42802394835693E-01 -0.68138601833443E+00  0.87788708933025E-03  0.38468895498572E-03  0.25600942747016E-01  1
 0.38332436032394E-01 -0.72726685707929E+00  0.82452265790310E-03  0.36223541973359E-03  0.26363972739330E-01  1
 0.34104571909040E-01 -0.77454220913869E+00  0.77194622854880E-03  0.34005992074754E-03  0.27170247157024E-01  1
 0.30119866807873E-01 -0.82217941587540E+00  0.72029015584984E-03  0.31815839128560E-03  0.28117343521883E-01  1
 0.26379323857149E-01 -0.86919550429674E+00  0.66908951711318E-03  0.29624257850454E-03  0.29586950195929E-01  1
 0.22883884718605E-01 -0.91267221604952E+00  0.67161564551097E-03  0.30015660923540E-03  0.31274011961480E-01  1
 0.19634429350400E-01 -0.95039751629084E+00  0.11107128880305E-02  0.49789311278977E-03  0.91512891645277E-02  1
 0.16631775785591E-01 -0.97933302741232E+00  0.10583878303958E-02  0.47445706796143E-03  0.40876653221847E-02  1
 0.13876679926199E-01 -0.99663745317412E+00  0.53819978052804E-03  0.24042492897200E-03  0.15438398131867E-02  1
 0.11369835352910E-01 -0.99790896172955E+00  0.49599055999558E-03  0.22147603172723E-03  0.80697912411502E-03  1
 0.91118731504758E-02 -0.97775988836014E+00  0.50631245512224E-03  0.22680841145700E-03  0.43563184814402E-02  1
 0.71033617488364E-02 -0.93056719397899E+00  0.47486392390988E-03  0.21288155849061E-03  0.10395586493860E-01  1
 0.53448067800247E-02 -0.85044314917241E+00  0.44605545295999E-03  0.19994648338518E-03  0.19937217858458E-01  1
 0.38366509508745E-02 -0.73336752519222E+00  0.43003411035062E-03  0.19277583728962E-03  0.29005987596310E-01  1
 0.25792739315716E-02 -0.57614734035050E+00  0.42243478231337E-03  0.18919776633991E-03  0.38640480804799E-01  1
 0.15729922600740E-02 -0.37771660029926E+00  0.42287081634311E-03  0.18871880320549E-03  0.47922083506650E-01  1
 0.81805926242545E-03 -0.13551966816853E+00  0.42413735410636E-03  0.18917439846499E-03  0.57729523774446E-01  1
 0.31466498898136E-03  0.14363969353562E+00  0.42573918333798E-03  0.18975498065417E-03  0.67438719134823E-01  1

 0.12587233313022E-03  0.43772936822429E+00  0.43425806395585E-03  0.19246322580591E-03  0.74451046496577E-01  1
 0.31466498898136E-03  0.72291568039220E+00  0.45504767425108E-03  0.19943971028367E-03  0.76939874599898E-01  1
 0.81805926242545E-03  0.99106494982936E+00  0.48298007289527E-03  0.20976828232771E-03  0.77276378403616E-01  1
 0.15729922600740E-02  0.12403874487226E+01  0.51308428506288E-03  0.22133348058737E-03  0.76770308232356E-01  1
 0.25792739315716E-02  0.14505839290088E+01  0.55002450389722E-03  0.23471064954332E-03  0.73721210966845E-01  1
 0.38366509508745E-02  0.16066824458500E+01  0.59877093281382E-03  0.25100307280916E-03  0.67574701400485E-01  1
 0.53448067800247E-02  0.17122078717087E+01  0.66091682856042E-03  0.27139173809235E-03  0.59929767253302E-01  1
 0.71033617488364E-02  0.17901352726903E+01  0.72707517339075E-03  0.29373079628479E-03  0.53497903405153E-01  1
 0.91118731504758E-02  0.18473360021237E+01  0.79657452936949E-03  0.31739873980190E-03  0.47988491852446E-01  1
 0.11369835352910E-01  0.18841873668888E+01  0.87563498554828E-03  0.34303797907785E-03  0.42372190112607E-01  1
 0.13876679926199E-01  0.18959568113925E+01  0.96948360120338E-03  0.37130409949737E-03  0.36400131858725E-01  1
 0.16631775785591E-01  0.18908163744060E+01  0.10718327756384E-02  0.40136738994015E-03  0.31142457204397E-01  1
 0.19634429350400E-01  0.18823969088601E+01  0.11664093461831E-02  0.43126809436104E-03  0.27685604553207E-01  1
 0.22883884718605E-01  0.18800780878430E+01  0.12414141777387E-02  0.45912902642993E-03  0.26070483625552E-01  1
 0.26379323857149E-01  0.18828655251568E+01  0.13063972840478E-02  0.48555502899124E-03  0.25172748995773E-01  1
 0.30119866807873E-01  0.18825441314592E+01  0.13819663975413E-02  0.51286312436087E-03  0.23762383418138E-01  1
 0.34104571909040E-01  0.18726041400609E+01  0.14768689119234E-02  0.54228522323916E-03  0.21633209581806E-01  1
 0.38332436032394E-01  0.18575480663833E+01  0.15761649563907E-02  0.57242712116883E-03  0.19674155737050E-01  1
 0.42802394835693E-01  0.18469205323101E+01  0.16566244167254E-02  0.60088998075541E-03  0.18660636741000E-01  1
 0.47513323030650E-01  0.18427845879462E+01  0.17170026973532E-02  0.62707832267094E-03  0.18364767754318E-01  1
 0.52464034666217E-01  0.18401464558247E+01  0.17764856354943E-02  0.65267925608373E-03  0.18058113223652E-01  1
 0.57653283427148E-01  0.18348144910085E+01  0.18479363027945E-02  0.67929400165216E-03  0.17394976013707E-01  1
 0.63079762947743E-01  0.18266080334705E+01  0.19306702956710E-02  0.70712670620103E-03  0.16487307012912E-01  1
 0.68742107140729E-01  0.18165211050617E+01  0.20219991946846E-02  0.73599414115263E-03  0.15473740258992E-01  1
 0.74638890541154E-01  0.18034415672081E+01  0.21257390332624E-02  0.76633752473730E-03  0.14319799447282E-01  1
 0.80768628665251E-01  0.17860794555650E+01  0.22495906599144E-02  0.79893171489960E-03  0.12951381424276E-01  1
 0.87129778384140E-01  0.17639844935990E+01  0.23937544911222E-02  0.83364048095293E-03  0.11470273596492E-01  1
 0.93720738312309E-01  0.17406757276839E+01  0.25392494731788E-02  0.86862397264393E-03  0.10218180061584E-01  1
 0.10053984921075E+00  0.17202905222041E+01  0.26608259719818E-02  0.90183586028483E-03  0.94530414893631E-02  1
 0.10758539440467E+00  0.17031112516422E+01  0.27553716549848E-02  0.93298198282988E-03  0.90812430563731E-02  1
 0.11485560021564E+00  0.16870369993105E+01  0.28403978002908E-02  0.96328546765662E-03  0.88333152412022E-02  1
 0.12234863640812E+00  0.16705173792423E+01  0.29288835002030E-02  0.99374983349934E-03  0.85583508091639E-02  1
 0.13006261665022E+00  0.16536569906830E+01  0.30212786529772E-02  0.10244642126329E-02  0.82583073653661E-02  1
 0.13799559898857E+00  0.16368128694148E+01  0.31153360924571E-02  0.10552997867457E-02  0.79560505151233E-02  1
 0.14614558633716E+00  0.16198546870585E+01  0.32123498461103E-02  0.10864048656102E-02  0.76398947871449E-02  1
 0.15451052698015E+00  0.16025637105099E+01  0.33138865264368E-02  0.11179100657701E-02  0.73054920863537E-02  1
 0.16308831508836E+00  0.15849041197883E+01  0.34171079520505E-02  0.11495507102221E-02  0.69853970355988E-02  1
 0.17187679124937E+00  0.15671584770914E+01  0.35157769570736E-02  0.11808011010944E-02  0.67242900828649E-02  1
 0.18087374301120E+00  0.15492935300768E+01  0.36083527774074E-02  0.12115238346987E-02  0.65205516194339E-02  1
 0.19007690543921E+00  0.15305311076797E+01  0.37044092199352E-02  0.12424650790042E-02  0.63028027848170E-02  1
 0.19948396168636E+00  0.15092704417666E+01  0.38180788523113E-02  0.12747542876812E-02  0.59898387372912E-02  1
 0.20909254357641E+00  0.14846538837656E+01  0.39597604144779E-02  0.13091839864791E-02  0.55475088401177E-02  1
 0.21890023220013E+00  0.14552622589187E+01  0.41341125580476E-02  0.13459403938458E-02  0.49882017501054E-02  1
 0.22890455852420E+00  0.14203166933180E+01  0.43439028853302E-02  0.13848516405499E-02  0.43419029346734E-02  1
 0.23910300401284E+00  0.13778058039523E+01  0.45990578432565E-02  0.14259074254103E-02  0.36138850184553E-02  1
 0.24949300126180E+00  0.13294087832459E+01  0.49410144655252E-02  0.14699238023942E-02  0.27380093172197E-02  1
 0.26007193464468E+00  0.12814463116216E+01  0.55728674950061E-02  0.15188321105264E-02  0.13759023336023E-02  1
 0.27083714097143E+00  0.12432677475285E+01  0.60795606610500E-02  0.15758389359388E-02  0.73193924373680E-03 -1
 0.28178591015877E+00  0.12200481270355E+01  0.62881436091652E-02  0.16179194474970E-02  0.61732420793115E-03 -1
 0.29291548591247E+00  0.12077994414072E+01  0.65223457476078E-02  0.16642388945922E-02  0.50414301767810E-03 -1
 0.30422306642118E+00  0.12025776122423E+01  0.67449551496278E-02  0.17134136455955E-02  0.44935941005528E-03 -1
 0.31570580506183E+00  0.12001842518773E+01  0.69805284801036E-02  0.17663985097222E-02  0.40270820711591E-03 -1
 0.32736081111621E+00  0.11989928618029E+01  0.72333158641020E-02  0.18241450888269E-02  0.36225042190040E-03 -1
 0.33918515049870E+00  0.11981497253690E+01  0.75074659973640E-02  0.18875922505906E-02  0.32671320705684E-03 -1
 0.35117584649495E+00  0.11974426000934E+01  0.78047753637515E-02  0.19571079402641E-02  0.29538879323904E-03 -1
 0.36332988051118E+00  0.11967899918260E+01  0.81256478193492E-02  0.20327433181171E-02  0.26777089729871E-03 -1
 0.37564419283416E+00  0.11961817459255E+01  0.84731299668018E-02  0.21152708640438E-02  0.24351473538211E-03 -1
 0.38811568340144E+00  0.11956103163908E+01  0.88575998556814E-02  0.22073120785764E-02  0.22217398950654E-03 -1
 0.40074121258179E+00  0.11950797353366E+01  0.92955295021877E-02  0.23129645053337E-02  0.20326364103886E-03 -1
 0.41351760196559E+00  0.11945865386875E+01  0.98091170701080E-02  0.24377269748225E-02  0.18629690943696E-03 -1
 0.42644163516494E+00  0.11941356716762E+01  0.10419025948256E-01  0.25866694136870E-02  0.17098696643004E-03 -1
 0.43951005862344E+00  0.11937232292380E+01  0.11131131668547E-01  0.27611325722497E-02  0.15722955889800E-03 -1
 0.45271958243516E+00  0.11933524683142E+01  0.11913964519891E-01  0.29531214602681E-02  0.14525570392627E-03 -1
 0.46606688117296E+00  0.11930165904042E+01  0.12652298845813E-01  0.31338033881902E-02  0.13572082814391E-03 -1
 0.47954859472556E+00  0.11927140993186E+01  0.13218316057234E-01  0.32715390785081E-02  0.12876631181788E-03 -1
 0.49316132914349E+00  0.11924353097391E+01  0.13565769582614E-01  0.33551985120327E-02  0.12399224417043E-03 -1
 0.50690165749346E+00  0.11921751783496E+01  0.13742210824437E-01  0.33968500388158E-02  0.12059600453069E-03 -1
 0.52076612072110E+00  0.11919255501672E+01  0.13829843504292E-01  0.34169046195892E-02  0.11793952663572E-03 -1
 0.53475122852174E+00  0.11916818781239E+01  0.13878894722529E-01  0.34276670283215E-02  0.11566639102718E-03 -1
 0.54885346021908E+00  0.11914378942891E+01  0.13915951678612E-01  0.34356272351672E-02  0.11361647950800E-03 -1
 0.56306926565152E+00  0.11911711065078E+01  0.13949295896265E-01  0.34427721801366E-02  0.11173112336578E-03 -1
 0.57739506606585E+00  0.11907917587113E+01  0.13981732489081E-01  0.34497746751436E-02  0.10998172519016E-03 -1
 0.59182725501823E+00  0.11897200075838E+01  0.14014066193201E-01  0.34568238857510E-02  0.10832568388155E-03 -1
 0.60636219928208E+00  0.11860375166428E+01  0.14047041023901E-01  0.34640993500135E-02  0.10665835174807E-03 -1
 0.62099623976269E+00  0.11708510954024E+01  0.14081470410256E-01  0.34717979660046E-02  0.10454440229301E-03 -1
 0.63572569241844E+00  0.11244030965565E+01  0.14118340927571E-01  0.34801593941194E-02  0.10104987967169E-03 -1
 0.65054684918818E+00  0.99368856336904E+00  0.14158426667955E-01  0.34893697425305E-02  0.93712153942060E-04 -1
 0.66545597892474E+00  0.73975673781106E+00  0.14202189204310E-01  0.34995381971206E-02  0.80818304061154E-04 -1
 0.68044932833424E+00  0.37899774158326E+00  0.14249871160944E-01  0.35107204343249E-02  0.63267213583503E-04 -1
 0.69552312292093E+00  0.68841679497985E-01  0.92063469344757E-02  0.35273494412267E-02  0.11738652236112E-02  2
 0.71067356793742E+00 -0.58272602064098E-01  0.80081145078457E-02  0.35522613948283E-02  0.19009917645296E-02  2
 0.72589684934000E+00 -0.67760668671617E-01  0.73658619238627E-02  0.35857977792163E-02  0.26651256239907E-02  2
 0.74118913474876E+00 -0.46443983180104E-01  0.69980383864487E-02  0.36269668181490E-02  0.34083985093499E-02  2
 0.75654657441241E+00 -0.46134198856397E-01  0.67898998789794E-02  0.36748198422470E-02  0.39584041298122E-02  2
 0.77196530217744E+00 -0.73646976570540E-01  0.66831259337642E-02  0.37282739449467E-02  0.42578750555537E-02  2
 0.78744143646137E+00 -0.11001949679353E+00  0.66438058351616E-02  0.37861069717050E-02  0.43988409363268E-02  2
 0.80297108122994E+00 -0.12926718969554E+00  0.66521171019460E-02  0.38475686127443E-02  0.45575797235414E-02  2
 0.81855032697790E+00 -0.10819542572993E+00  0.67012137581224E-02  0.39134909598656E-02  0.49233678353928E-02  2
 0.83417525171325E+00 -0.22979064603768E-01  0.67958008427493E-02  0.39866279908894E-02  0.57003738815681E-02  2
 0.84984192194451E+00  0.12179760239048E+00  0.69552019625750E-02  0.40728143497379E-02  0.68660072679920E-02  2
 0.86554639367101E+00  0.28972685523336E+00  0.68862444197569E-02  0.41765144591598E-02  0.81441021542875E-02  2
 0.88128471337577E+00  0.40829674183928E+00  0.71922070226672E-02  0.43096209782567E-02  0.90301828444697E-02  2
 0.89705291902074E+00  0.41455646302889E+00  0.79486269115426E-02  0.45775118371111E-02  0.91139232335857E-02  2
 0.91284704104426E+00  0.33308755981674E+00  0.92292890133816E-02  0.50087802652111E-02  0.85175166480870E-02  2
 0.92866310336034E+00  0.21089681581154E+00  0.75041841987119E-02  0.55159120191083E-02  0.75512480628682E-02  2
 0.94449712435965E+00  0.95379004856589E-01  0.83777209729525E-02  0.59587932615992E-02  0.60883413902584E-02  2
 0.96034511791188E+00  0.80534270909748E-02  0.10988941315709E-01  0.67070865223836E-02  0.35912356970962E-02  2
 0.97620309436915E+00 -0.40637252418151E-01  0.30435635999685E-01  0.95643452762088E-02  0.36063029944423E-03 -2
 0.99206706157050E+00 -0.85290187072574E-01  0.60305969908858E-01  0.18339986440351E-01  0.38556718486908E-03 -2
