# Reynolds:  0.37546E+05
# Mach:  0.20955E+00
#  r/R          c/R          V (m/s)      AoA (deg)    beta (deg)   phi (deg)    Cl           Cd           s factor     Ue (m/s)     dp/ds (Pa/m) delta (m)    delta* (m)   theta (m)    tau_w (Pa)   x trans/c    Ue (m/s)     dp/ds (Pa/m) delta (m)    delta* (m)   theta (m)    tau_w (Pa)   x trans/c
#  0.53468E+00  0.17420E+00  0.11086E+02  0.65611E+01  0.19507E+02  0.12529E+02  0.10651E+01  0.42551E-01  0.10820E+00  0.11023E+02  0.22854E+04  0.41888E-02  0.17538E-02  0.58891E-03  0.90925E-01  0.56716E+00 -0.98504E+01 -0.80877E+03 -0.13367E-02  0.64583E-03  0.89804E-04  0.15854E+00  0.10000E+01
#  x/c                -Cp                    delta*/c              theta/c               Cf                    BC
 0.99206706157050E+00 -0.13026708338914E+00  0.53681254280131E-02  0.48675583572123E-02  0.74545305392343E-02  2
 0.97620309436915E+00 -0.14541935125431E+00  0.54911361296187E-02  0.49668084483982E-02  0.72695477237073E-02  2
 0.96034511791188E+00 -0.16043841837736E+00  0.55964355640463E-02  0.50506247597172E-02  0.70984009449096E-02  2
 0.94449712435965E+00 -0.16826277606743E+00  0.56447202624846E-02  0.50868957571796E-02  0.70097892967032E-02  2
 0.92866310336034E+00 -0.17213844471225E+00  0.56291332165406E-02  0.50701352128172E-02  0.69841752142621E-02  2
 0.91284704104426E+00 -0.17418897130189E+00  0.55843990508307E-02  0.50291837772390E-02  0.69873060191379E-02  2
 0.89705291902074E+00 -0.17540972141208E+00  0.55263459413452E-02  0.49771532901503E-02  0.70037266416962E-02  2
 0.88128471337577E+00 -0.17637640756371E+00  0.54627442913474E-02  0.49204715551913E-02  0.70253093545732E-02  2
 0.86554639367101E+00 -0.17722775972614E+00  0.53968497055015E-02  0.48618382536620E-02  0.70493476058898E-02  2
 0.84984192194451E+00 -0.17802023423648E+00  0.53296166900836E-02  0.48020463048352E-02  0.70749959355192E-02  2
 0.83417525171325E+00 -0.17877415686650E+00  0.52615671758641E-02  0.47415291431570E-02  0.71018645728243E-02  2
 0.81855032697790E+00 -0.17951966555649E+00  0.51930547020745E-02  0.46805801259525E-02  0.71295732822221E-02  2
 0.80297108122994E+00 -0.18027209130395E+00  0.51242966612204E-02  0.46193815101496E-02  0.71579111538244E-02  2
 0.78744143646137E+00 -0.18102385196173E+00  0.50552597051156E-02  0.45579097257698E-02  0.71869912543110E-02  2
 0.77196530217744E+00 -0.18174946493950E+00  0.49857355373256E-02  0.44959973807340E-02  0.72171803867329E-02  2
 0.75654657441241E+00 -0.18242227233039E+00  0.49154177086045E-02  0.44333974340099E-02  0.72489417063683E-02  2
 0.74118913474876E+00 -0.18299471891675E+00  0.48439039961265E-02  0.43697851609564E-02  0.72829879277660E-02  2
 0.72589684934000E+00 -0.18342423007927E+00  0.47706640614328E-02  0.43047330219002E-02  0.73201296556203E-02  2
 0.71067356793742E+00 -0.18361875638864E+00  0.46950772579536E-02  0.42377391501141E-02  0.73616710550924E-02  2
 0.69552312292093E+00 -0.18354940469160E+00  0.46168090992529E-02  0.41685357716580E-02  0.74083055370691E-02  2
 0.68044932833424E+00 -0.18321855755442E+00  0.45361694649970E-02  0.40973832822161E-02  0.74600451743064E-02  2
 0.66545597892474E+00 -0.18275961118627E+00  0.44540998252464E-02  0.40250638694562E-02  0.75153995398948E-02  2
 0.65054684918818E+00 -0.18225960658940E+00  0.43714538243913E-02  0.39522926575574E-02  0.75732157025878E-02  2
 0.63572569241844E+00 -0.18173005246267E+00  0.42883452310887E-02  0.38791757957954E-02  0.76334668997425E-02  2
 0.62099623976269E+00 -0.18110207764995E+00  0.42043139903498E-02  0.38053447700045E-02  0.76972528032257E-02  2
 0.60636219928208E+00 -0.18030371911580E+00  0.41187443801901E-02  0.37302365105221E-02  0.77657255796292E-02  2
 0.59182725501823E+00 -0.17922322388346E+00  0.40312663177870E-02  0.36533258909830E-02  0.78397164639565E-02  2
 0.57739506606585E+00 -0.17783615623038E+00  0.39417021395623E-02  0.35744454723334E-02  0.79198498955043E-02  2
 0.56306926565152E+00 -0.17616288837288E+00  0.38506121682024E-02  0.34940551343050E-02  0.80057825607013E-02  2
 0.54885346021908E+00 -0.17441024606376E+00  0.37595286119338E-02  0.34134207308346E-02  0.80946159679126E-02  2
 0.53475122852174E+00 -0.17286195681988E+00  0.36704771954777E-02  0.33342246886497E-02  0.81820262306946E-02  2
 0.52076612072110E+00 -0.17173238613630E+00  0.35850269338726E-02  0.32577745855563E-02  0.82643585679645E-02  2
 0.50690165749346E+00 -0.17114882045702E+00  0.35036786513656E-02  0.31844951740956E-02  0.83395773279123E-02  2
 0.49316132914349E+00 -0.17094830196412E+00  0.34256313651776E-02  0.31137280932984E-02  0.84094802738885E-02  2
 0.47954859472556E+00 -0.17097554862322E+00  0.33493663159654E-02  0.30444114758038E-02  0.84776199558670E-02  2
 0.46606688117296E+00 -0.17107199372205E+00  0.32738235899511E-02  0.29757557835745E-02  0.85469240563516E-02  2
 0.45271958243516E+00 -0.17120166244172E+00  0.31988020507183E-02  0.29075717468169E-02  0.86179589978603E-02  2
 0.43951005862344E+00 -0.17149397927303E+00  0.31253101743999E-02  0.28407652468612E-02  0.86886899941191E-02  2
 0.42644163516494E+00 -0.17243592204181E+00  0.30556153092790E-02  0.27773917065650E-02  0.87524969330814E-02  2
 0.41351760196559E+00 -0.17447161647454E+00  0.29919030536727E-02  0.27194459589891E-02  0.88027637501951E-02  2
 0.40074121258179E+00 -0.17772468970196E+00  0.29340600730434E-02  0.26668497894861E-02  0.88378439559257E-02  2
 0.38811568340144E+00 -0.18139951973712E+00  0.28786933260929E-02  0.26165365554157E-02  0.88679480980670E-02  2
 0.37564419283416E+00 -0.18465471042574E+00  0.28215645433759E-02  0.25646448206234E-02  0.89052938621813E-02  2
 0.36332988051118E+00 -0.18709820265515E+00  0.27602234772074E-02  0.25089346741871E-02  0.89566994891342E-02  2
 0.35117584649495E+00 -0.18852481142202E+00  0.26938787082195E-02  0.24486771477805E-02  0.90257898172151E-02  2
 0.33918515049870E+00 -0.18902094518944E+00  0.26225655856660E-02  0.23839031016387E-02  0.91128260444509E-02  2
 0.32736081111621E+00 -0.18843842995665E+00  0.25463816993736E-02  0.23147005318884E-02  0.92203281012863E-02  2
 0.31570580506183E+00 -0.18686904768530E+00  0.24657641336967E-02  0.22414619473588E-02  0.93483935468774E-02  2
 0.30422306642118E+00 -0.18443479653707E+00  0.23820895211049E-02  0.21654304014537E-02  0.94955478418376E-02  2
 0.29291548591247E+00 -0.18174439257292E+00  0.22979541740242E-02  0.20889576348189E-02  0.96534886112275E-02  2
 0.28178591015877E+00 -0.17955488416297E+00  0.22164207149020E-02  0.20148310528474E-02  0.98106330143624E-02  2
 0.27083714097143E+00 -0.17841282617795E+00  0.21396071161791E-02  0.19449846830834E-02  0.99576397689805E-02  2
 0.26007193464468E+00 -0.17859984579790E+00  0.20679219738296E-02  0.18798053810509E-02  0.10089892529321E-01  2
 0.24949300126180E+00 -0.17962100945242E+00  0.19997769384300E-02  0.18178602154744E-02  0.10214177445325E-01  2
 0.23910300401284E+00 -0.18087900819731E+00  0.19328141525187E-02  0.17570046176312E-02  0.10340780760145E-01  2
 0.22890455852420E+00 -0.18186761230990E+00  0.18654373491821E-02  0.16957789017893E-02  0.10478659568861E-01  2
 0.21890023220013E+00 -0.18257316709218E+00  0.17976289931977E-02  0.16341540336822E-02  0.10629034639389E-01  2
 0.20909254357641E+00 -0.18352061617789E+00  0.17309322991192E-02  0.15735255620941E-02  0.10783671024239E-01  2
 0.19948396168636E+00 -0.18538104748498E+00  0.16671286125870E-02  0.15155174673572E-02  0.10931011417598E-01  2
 0.19007690543921E+00 -0.18838290467700E+00  0.16071124462230E-02  0.14609489307442E-02  0.11065271524000E-01  2
 0.18087374301120E+00 -0.19268708884380E+00  0.15509310596993E-02  0.14098683522610E-02  0.11183160425075E-01  2
 0.17187679124937E+00 -0.19802164319018E+00  0.14980352766396E-02  0.13617791117837E-02  0.11287841788112E-01  2
 0.16308831508836E+00 -0.20424508548449E+00  0.14476875814299E-02  0.13160108186424E-02  0.11382065794591E-01  2
 0.15451052698015E+00 -0.21105165886985E+00  0.13992887475811E-02  0.12720169307783E-02  0.11470457735652E-01  2
 0.14614558633716E+00 -0.21843684692220E+00  0.13525946131313E-02  0.12295724090218E-02  0.11553400418455E-01  2
 0.13799559898857E+00 -0.22640658898054E+00  0.13077251994525E-02  0.11887847477379E-02  0.11629863683567E-01  2
 0.13006261665022E+00 -0.23511045358718E+00  0.12649532305699E-02  0.11499011612317E-02  0.11696361931027E-01  2
 0.12234863640812E+00 -0.24462805130196E+00  0.12249237465922E-02  0.11135026442286E-02  0.11748293755560E-01  2
 0.11485560021564E+00 -0.25566878811351E+00  0.11890144519483E-02  0.10808374892579E-02  0.11769498116160E-01  2
 0.10758539440467E+00 -0.26878863334066E+00  0.11587036416144E-02  0.10532529842987E-02  0.11743796141779E-01  2
 0.10053984921075E+00 -0.28422902818647E+00  0.11343000347191E-02  0.10310427098439E-02  0.11663484026050E-01  2
 0.93720738312309E-01 -0.30095049965697E+00  0.11147383052119E-02  0.10132418028917E-02  0.11543980442270E-01  2
 0.87129778384140E-01 -0.31865357622891E+00  0.10996657356465E-02  0.99951471407197E-03  0.11389292076568E-01  2
 0.80768628665251E-01 -0.33797073576690E+00  0.92022557643765E-03  0.38476704849932E-03  0.10504124066121E-01  1
 0.74638890541154E-01 -0.36096600323908E+00  0.86100324340721E-03  0.36299303086909E-03  0.11244174465109E-01  1
 0.68742107140729E-01 -0.38884084499948E+00  0.80614888839990E-03  0.34283774497536E-03  0.11984131853601E-01  1
 0.63079762947743E-01 -0.42260370605872E+00  0.75870849501684E-03  0.32483656880046E-03  0.12572617985180E-01  1
 0.57653283427148E-01 -0.46050622610939E+00  0.71781442715937E-03  0.30854169594254E-03  0.12967751750629E-01  1
 0.52464034666217E-01 -0.50133334065883E+00  0.68023319031779E-03  0.29295933391533E-03  0.13223425110234E-01  1
 0.47513323030650E-01 -0.54355657703461E+00  0.64265006436206E-03  0.27725504310475E-03  0.13454645273633E-01  1
 0.42802394835693E-01 -0.58780382497184E+00  0.60398585993964E-03  0.26130715665489E-03  0.13704359889895E-01  1
 0.38332436032394E-01 -0.63463306527676E+00  0.56523209853634E-03  0.24555193546436E-03  0.13933217772236E-01  1
 0.34104571909040E-01 -0.68507876128750E+00  0.52855703775758E-03  0.23060187057221E-03  0.13989697649545E-01  1
 0.30119866807873E-01 -0.73766774980528E+00  0.49455260295607E-03  0.21661783125005E-03  0.13797875039162E-01  1
 0.26379323857149E-01 -0.79144105068427E+00  0.46307289451095E-03  0.20344730097477E-03  0.13269827179583E-01  1
 0.22883884718605E-01 -0.84378348017562E+00  0.43262166769059E-03  0.19053728158948E-03  0.12416584970734E-01  1
 0.19634429350400E-01 -0.89315543557243E+00  0.40176308374567E-03  0.17727004651997E-03  0.11182299631927E-01  1
 0.16631775785591E-01 -0.93678224889012E+00  0.36884089975579E-03  0.16321233845382E-03  0.95516622888584E-02  1
 0.13876679926199E-01 -0.97229356353415E+00  0.36881740273471E-03  0.16492269955121E-03  0.67243722060780E-02  1
 0.11369835352910E-01 -0.99498683797531E+00  0.62631789758663E-03  0.28086004376082E-03  0.64091503064763E-03  1
 0.91118731504758E-02 -0.99915111331964E+00  0.59590122917009E-03  0.26722028213906E-03  0.13632153085955E-03  1
 0.71033617488364E-02 -0.97797712938434E+00  0.30363049859514E-03  0.13571699474823E-03  0.62412648363831E-02  1
 0.53448067800247E-02 -0.92457339851333E+00  0.28018893719902E-03  0.12507147682805E-03  0.12781695176097E-01  1
 0.38366509508745E-02 -0.83347315746153E+00  0.27434195233540E-03  0.12270690115382E-03  0.19747718304537E-01  1
 0.25792739315716E-02 -0.70003009375838E+00  0.27162518470624E-03  0.12131711829255E-03  0.26878307354452E-01  1
 0.15729922600740E-02 -0.52076396150706E+00  0.27572024962141E-03  0.12272349813695E-03  0.33374899591102E-01  1
 0.81805926242545E-03 -0.28851972594971E+00  0.27594385729395E-03  0.12323894025295E-03  0.41094449013807E-01  1
 0.31466498898136E-03 -0.82899290537852E-02  0.26910165768248E-03  0.12061871610810E-03  0.50284851505392E-01  1

 0.12587233313022E-03  0.29113306730657E+00  0.26696875754879E-03  0.11932089207166E-03  0.57554912600089E-01  1
 0.31466498898136E-03  0.58171361479839E+00  0.27730269321289E-03  0.12227012702552E-03  0.59591918316851E-01  1
 0.81805926242545E-03  0.86520815771192E+00  0.29513350377876E-03  0.12879197971337E-03  0.59494971783372E-01  1
 0.15729922600740E-02  0.11516523990564E+01  0.31209560183043E-03  0.13587643074095E-03  0.60190691230578E-01  1
 0.25792739315716E-02  0.14068765845065E+01  0.32984105519798E-03  0.14281437200477E-03  0.59556909238208E-01  1
 0.38366509508745E-02  0.15882454589636E+01  0.35811789263988E-03  0.15213935099215E-03  0.54536387053849E-01  1
 0.53448067800247E-02  0.16886970116818E+01  0.40069027177241E-03  0.16566892922188E-03  0.46702331426332E-01  1
 0.71033617488364E-02  0.17442579309670E+01  0.44897130231601E-03  0.18151389197994E-03  0.39970644381146E-01  1
 0.91118731504758E-02  0.17755659298198E+01  0.49831879653420E-03  0.19835304095944E-03  0.34909016041019E-01  1
 0.11369835352910E-01  0.17933896759596E+01  0.54871550500217E-03  0.21573558106688E-03  0.30876322859180E-01  1
 0.13876679926199E-01  0.17965173523134E+01  0.60321657979410E-03  0.23395939813945E-03  0.27179314561155E-01  1
 0.16631775785591E-01  0.17864014963910E+01  0.66372217491763E-03  0.25329731485799E-03  0.23673281133094E-01  1
 0.19634429350400E-01  0.17654295645182E+01  0.72978115468808E-03  0.27371893752632E-03  0.20507954764276E-01  1
 0.22883884718605E-01  0.17389078632667E+01  0.79788550899711E-03  0.29470816567591E-03  0.17922164861834E-01  1
 0.26379323857149E-01  0.17117993827126E+01  0.86190770388706E-03  0.31544693738961E-03  0.16104913874580E-01  1
 0.30119866807873E-01  0.16901240973880E+01  0.91236541381176E-03  0.33470857749843E-03  0.15259088288439E-01  1
 0.34104571909040E-01  0.16802532073898E+01  0.94447926956903E-03  0.35159975492251E-03  0.15315028083526E-01  1
 0.38332436032394E-01  0.16811152272414E+01  0.96572372979286E-03  0.36642283664162E-03  0.15756147175190E-01  1
 0.42802394835693E-01  0.16871918737831E+01  0.98986377379179E-03  0.38074410923948E-03  0.15940460441254E-01  1
 0.47513323030650E-01  0.16898221366288E+01  0.10283567596026E-02  0.39644899585751E-03  0.15440707247597E-01  1
 0.52464034666217E-01  0.16839129307416E+01  0.10822204785282E-02  0.41412107725100E-03  0.14381935188704E-01  1
 0.57653283427148E-01  0.16739686096212E+01  0.11395817431200E-02  0.43247036488000E-03  0.13346697349169E-01  1
 0.63079762947743E-01  0.16673490506050E+01  0.11878713355329E-02  0.44992093521805E-03  0.12726634883408E-01  1
 0.68742107140729E-01  0.16644057449557E+01  0.12293876996697E-02  0.46652211627826E-03  0.12352308251808E-01  1
 0.74638890541154E-01  0.16598674742698E+01  0.12757375821442E-02  0.48361108869970E-03  0.11862679263727E-01  1
 0.80768628665251E-01  0.16512596297725E+01  0.13316582896060E-02  0.50192235921674E-03  0.11178460542302E-01  1
 0.87129778384140E-01  0.16401633385889E+01  0.13926058929008E-02  0.52101450319382E-03  0.10461273762996E-01  1
 0.93720738312309E-01  0.16288309045374E+01  0.14529919252846E-02  0.54021424970209E-03  0.98405186819948E-02  1
 0.10053984921075E+00  0.16174952435363E+01  0.15121095470955E-02  0.55939484969017E-03  0.93104957016979E-02  1
 0.10758539440467E+00  0.16056651001937E+01  0.15716885961063E-02  0.57872441189281E-03  0.88254768478543E-02  1
 0.11485560021564E+00  0.15934328847135E+01  0.16311018978275E-02  0.59811766483015E-03  0.83892115590336E-02  1
 0.12234863640812E+00  0.15819330719482E+01  0.16861325950162E-02  0.61708650798301E-03  0.80548328428904E-02  1
 0.13006261665022E+00  0.15724483726115E+01  0.17338172857469E-02  0.63524764360683E-03  0.78440418003738E-02  1
 0.13799559898857E+00  0.15645430499156E+01  0.17768734655830E-02  0.65280897107670E-03  0.77007752758046E-02  1
 0.14614558633716E+00  0.15570689304413E+01  0.18206357717543E-02  0.67032281711841E-03  0.75495463240206E-02  1
 0.15451052698015E+00  0.15492047955654E+01  0.18685693816254E-02  0.68821464745152E-03  0.73523098955045E-02  1
 0.16308831508836E+00  0.15406620917759E+01  0.19219173603321E-02  0.70668648202406E-03  0.71045806231112E-02  1
 0.17187679124937E+00  0.15311656095328E+01  0.19821324393359E-02  0.72595002898381E-03  0.68023415460354E-02  1
 0.18087374301120E+00  0.15201764256494E+01  0.20506089767950E-02  0.74619107395367E-03  0.64452824530583E-02  1
 0.19007690543921E+00  0.15079083113774E+01  0.21272205297448E-02  0.76740691370263E-03  0.60502430858475E-02  1
 0.19948396168636E+00  0.14945718253823E+01  0.22116725564490E-02  0.78954920725470E-03  0.56332457625245E-02  1
 0.20909254357641E+00  0.14802866253039E+01  0.23058342022122E-02  0.81275518465760E-03  0.51918582808629E-02  1
 0.21890023220013E+00  0.14648891246639E+01  0.24127032634445E-02  0.83721979775260E-03  0.47198398302921E-02  1
 0.22890455852420E+00  0.14489632086634E+01  0.25341840391069E-02  0.86296826914138E-03  0.42239678515707E-02  1
 0.23910300401284E+00  0.14332982844096E+01  0.26733131924486E-02  0.89003371537617E-03  0.37073880088182E-02  1
 0.24949300126180E+00  0.14182255268924E+01  0.28374217020867E-02  0.91861135001113E-03  0.31572832434147E-02  1
 0.26007193464468E+00  0.14035878773461E+01  0.30313733601520E-02  0.94845221292160E-03  0.25829242187018E-02  1
 0.27083714097143E+00  0.13889213409771E+01  0.32258684176108E-02  0.97747913473854E-03  0.21059877194118E-02  1
 0.28178591015877E+00  0.13734809063169E+01  0.33387010392851E-02  0.10023567874138E-02  0.19425486968073E-02  1
 0.29291548591247E+00  0.13564266599194E+01  0.33205552428110E-02  0.10211054991809E-02  0.21727038010261E-02  1
 0.30422306642118E+00  0.13365978673344E+01  0.32322690089239E-02  0.10346724171645E-02  0.26135482392685E-02  1
 0.31570580506183E+00  0.13137789304719E+01  0.31423121079617E-02  0.10456118040093E-02  0.30646277252692E-02  1
 0.32736081111621E+00  0.12875765765898E+01  0.30748485287493E-02  0.10559120872206E-02  0.34350211328785E-02  1
 0.33918515049870E+00  0.12585663365195E+01  0.30318313862233E-02  0.10665605769092E-02  0.37048015086793E-02  1
 0.35117584649495E+00  0.12267043455543E+01  0.30089923090164E-02  0.10778846273091E-02  0.38818291497402E-02  1
 0.36332988051118E+00  0.11924162855559E+01  0.30031854292830E-02  0.10900869196139E-02  0.39764634901160E-02  1
 0.37564419283416E+00  0.11553963807221E+01  0.30166005524422E-02  0.11037918571471E-02  0.39814670879063E-02  1
 0.38811568340144E+00  0.11160994980008E+01  0.30725820029911E-02  0.11219054233182E-02  0.38187287687640E-02  1
 0.40074121258179E+00  0.10755065220666E+01  0.32437882249243E-02  0.11520228450539E-02  0.32875975828423E-02  1
 0.41351760196559E+00  0.10369518794188E+01  0.38389662923080E-02  0.12129138948989E-02  0.18453138985827E-02  1
 0.42644163516494E+00  0.10062082005603E+01  0.52913238207635E-02  0.13465726460607E-02  0.24307729732363E-03 -1
 0.43951005862344E+00  0.98596870184178E+00  0.58673871123258E-02  0.14887529855108E-02  0.20867591045001E-03 -1
 0.45271958243516E+00  0.97589279846407E+00  0.64209275319210E-02  0.16246709522448E-02  0.18457512185712E-03 -1
 0.46606688117296E+00  0.97135025045232E+00  0.67527799350686E-02  0.17040538847810E-02  0.16959982772483E-03 -1
 0.47954859472556E+00  0.96950053983538E+00  0.69051808555043E-02  0.17384980313095E-02  0.15914557192881E-03 -1
 0.49316132914349E+00  0.96802081736387E+00  0.70228854810859E-02  0.17647751769295E-02  0.14985308000832E-03 -1
 0.50690165749346E+00  0.96445908299987E+00  0.71702280564063E-02  0.17987773581440E-02  0.14065281643639E-03 -1
 0.52076612072110E+00  0.95432997633704E+00  0.73530227204181E-02  0.18417613728658E-02  0.13133904364416E-03 -1
 0.53475122852174E+00  0.92555352743490E+00  0.75594504424753E-02  0.18906973726666E-02  0.12145504484860E-03 -1
 0.54885346021908E+00  0.86649247659172E+00  0.77794578876743E-02  0.19430740608753E-02  0.11062148269936E-03 -1
 0.56306926565152E+00  0.77207921966923E+00  0.80101003646958E-02  0.19981885164615E-02  0.98858544622717E-04 -1
 0.57739506606585E+00  0.67326965447771E+00  0.82521101204100E-02  0.20562308456614E-02  0.88024049578021E-04  2
 0.59182725501823E+00  0.61067066297630E+00  0.53318970425872E-02  0.21085121382348E-02  0.16161696193826E-02  2
 0.60636219928208E+00  0.57938472361687E+00  0.48768468565417E-02  0.21972330398084E-02  0.26127619485343E-02  2
 0.62099623976269E+00  0.56103948528819E+00  0.46505149683476E-02  0.22907891373456E-02  0.34723816778286E-02  2
 0.63572569241844E+00  0.54250284331230E+00  0.45580061817187E-02  0.23898576111041E-02  0.41349845942996E-02  2
 0.65054684918818E+00  0.52089471426567E+00  0.45532694129001E-02  0.24950857725514E-02  0.45990399684561E-02  2
 0.66545597892474E+00  0.49679572827268E+00  0.46134991133568E-02  0.26077107394678E-02  0.48887286721497E-02  2
 0.68044932833424E+00  0.47042230621042E+00  0.47270511675118E-02  0.27292141912668E-02  0.50320711308967E-02  2
 0.69552312292093E+00  0.44231354517978E+00  0.48874380372561E-02  0.28609187601890E-02  0.50581593477490E-02  2
 0.71067356793742E+00  0.41249347593101E+00  0.50900556552042E-02  0.30039457583737E-02  0.49946823586120E-02  2
 0.72589684934000E+00  0.38133431268324E+00  0.53346344025371E-02  0.31595061269557E-02  0.48606640254510E-02  2
 0.74118913474876E+00  0.34874303405825E+00  0.56240858251990E-02  0.33292124231806E-02  0.46683297649164E-02  2
 0.75654657441241E+00  0.31490669460676E+00  0.59648406269141E-02  0.35154086111653E-02  0.44267599934405E-02  2
 0.77196530217744E+00  0.27956164960571E+00  0.63675855358820E-02  0.37213325015186E-02  0.41406358340176E-02  2
 0.78744143646137E+00  0.24279954286565E+00  0.68489229670485E-02  0.39514046621363E-02  0.38131391818431E-02  2
 0.80297108122994E+00  0.20432992121481E+00  0.74327134434176E-02  0.42111135297772E-02  0.34455726691264E-02  2
 0.81855032697790E+00  0.16445561858693E+00  0.81516574365167E-02  0.45065948629475E-02  0.30416584465221E-02  2
 0.83417525171325E+00  0.12329494617180E+00  0.90504122348373E-02  0.48441010047146E-02  0.26066989442190E-02  2
 0.84984192194451E+00  0.81578818152455E-01  0.10189545190138E-01  0.52288510445780E-02  0.21506058498788E-02  2
 0.86554639367101E+00  0.40015902058459E-01  0.11657082167396E-01  0.56643932101695E-02  0.16857042432779E-02  2
 0.88128471337577E+00 -0.80801413593185E-04  0.13564779955838E-01  0.61466509492756E-02  0.12332095162754E-02  2
 0.89705291902074E+00 -0.36114281307011E-01  0.16036265600554E-01  0.66578953096124E-02  0.82280725731834E-03  2
 0.91284704104426E+00 -0.65904498324928E-01  0.19209706033865E-01  0.71662341288331E-02  0.47913098080031E-03 -2
 0.92866310336034E+00 -0.88180991851966E-01  0.21714734119624E-01  0.76290326915777E-02  0.00000000000000E+00 -2
 0.94449712435965E+00 -0.10460564654001E+00  0.24159654147293E-01  0.80227430066242E-02  0.00000000000000E+00 -2
 0.96034511791188E+00 -0.11600450412385E+00  0.26456395102634E-01  0.83275184262782E-02  0.00000000000000E+00 -2
 0.97620309436915E+00 -0.12315029892482E+00  0.28643434605559E-01  0.85684870419704E-02  0.00000000000000E+00 -2
 0.99206706157050E+00 -0.13026708338913E+00  0.29447378571689E-01  0.87903871565481E-02  0.00000000000000E+00 -2
