
 ===========================================================================
 Free Tip Potential Formulation Solution:  Arbitrary blade                 
                                                  Wake adv. ratio:    0.10525
 no. blades :  2            radius(m)  :   0.2794     adv. ratio:     0.01367
 thrust(N)  :   23.2        power(W)   :   202.       torque(N-m):  0.770    
 Efficiency :  0.1152       speed(m/s) :    1.000     rpm        :   2500.000
 Eff induced:  0.1299       Eff ideal  :   0.1485     Tcoef      :   154.4595
 Tnacel(N)  :     0.0000    hub rad.(m):   0.0324     disp. rad. :    0.0324
 Tvisc(N)   :    -0.0882    Pvisc(W)   :   22.2    
 rho(kg/m3) :   1.22600     Vsound(m/s):  340.000     mu(kg/m-s) : 0.1780E-04
 ---------------------------------------------------------------------------
Helicopter:  Sigma:    0.08728  CTh/s:    0.16538  FOM:    0.71563
                Ct:    0.11189     Cp:    0.04173    J:    0.04295
                Tc:  154.45955     Pc: 1341.25085  adv:    0.01367

  i  r/R   c/R  beta(deg)  CL     Cd    REx10^3 Mach   effi  effp  na.u/U
  1 0.121 0.0968  23.16  1.517 s 0.0987  18.18  0.029 ******-0.023   0.000
  2 0.141 0.1070  29.26  1.518 s 0.1027  21.41  0.031  1.018 0.580   0.000
  3 0.175 0.1161  36.26  1.526 s 0.1697  27.90  0.037  0.584 0.538   0.000
  4 0.215 0.1275  41.48  1.533 s 0.2396  37.41  0.045  0.395 0.494   0.000
  5 0.259 0.1404  42.58  1.532 s 0.2230  49.49  0.054  0.275 0.552   0.000
  6 0.305 0.1498  39.44  1.525 s 0.1448  62.27  0.064  0.217 0.672   0.000
  7 0.351 0.1562  35.15  1.516 s 0.0778  75.06  0.073  0.182 0.798   0.000
  8 0.397 0.1618  31.44  1.508 s 0.0364  88.34  0.083  0.147 0.901   0.000
  9 0.443 0.1652  28.39  1.475   0.0231 100.92  0.093  0.126 0.936   0.000
 10 0.488 0.1658  25.91  1.403   0.0206 111.96  0.103  0.124 0.936   0.000
 11 0.532 0.1649  23.87  1.323   0.0192 121.68  0.113  0.124 0.932   0.000
 12 0.574 0.1619  22.15  1.253   0.0182 129.32  0.122  0.126 0.926   0.000
 13 0.615 0.1576  20.67  1.195   0.0175 135.08  0.131  0.128 0.920   0.000
 14 0.655 0.1528  19.43  1.144   0.0169 139.62  0.140  0.131 0.913   0.000
 15 0.693 0.1469  18.48  1.109   0.0166 142.19  0.148  0.133 0.906   0.000
 16 0.730 0.1406  17.72  1.083   0.0164 143.29  0.156  0.134 0.900   0.000
 17 0.764 0.1348  17.12  1.060   0.0163 143.99  0.163  0.135 0.895   0.000
 18 0.796 0.1299  16.62  1.036   0.0161 144.70  0.170  0.134 0.890   0.000
 19 0.826 0.1253  16.17  1.011   0.0160 144.87  0.177  0.133 0.886   0.000
 20 0.855 0.1210  15.80  0.984   0.0159 144.70  0.183  0.131 0.882   0.000
 21 0.880 0.1172  15.54  0.953   0.0157 144.40  0.188  0.127 0.880   0.000
 22 0.904 0.1133  15.32  0.918   0.0157 143.35  0.193  0.121 0.878   0.000
 23 0.925 0.1090  15.10  0.879   0.0156 141.15  0.198  0.116 0.875   0.000
 24 0.943 0.1048  14.89  0.830   0.0156 138.46  0.202  0.111 0.873   0.000
 25 0.959 0.1012  14.71  0.765   0.0155 136.09  0.206  0.103 0.870   0.000
 26 0.972 0.0985  14.57  0.680   0.0154 134.36  0.208  0.094 0.866   0.000
 27 0.983 0.0965  14.46  0.575   0.0153 133.15  0.211  0.085 0.857   0.000
 28 0.991 0.0950  14.38  0.450   0.0153 132.33  0.213  0.075 0.838   0.000
 29 0.997 0.0938  14.32  0.310   0.0155 131.73  0.215  0.067 0.795   0.000
 30 0.999 0.0930  14.27  0.184   0.0159 131.10  0.216  0.061 0.708   0.000
