
 ===========================================================================
 Free Tip Potential Formulation Solution:  Arbitrary blade                 
                                                  Wake adv. ratio:    0.09529
 no. blades :  2            radius(m)  :   0.2794     adv. ratio:     0.01367
 thrust(N)  :   19.4        power(W)   :   155.       torque(N-m):  0.590    
 Efficiency :  0.1258       speed(m/s) :    1.000     rpm        :   2500.000
 Eff induced:  0.1435       Eff ideal  :   0.1611     Tcoef      :   129.3114
 Tnacel(N)  :     0.0000    hub rad.(m):   0.0324     disp. rad. :    0.0324
 Tvisc(N)   :    -0.0751    Pvisc(W)   :   18.5    
 rho(kg/m3) :   1.22600     Vsound(m/s):  340.000     mu(kg/m-s) : 0.1780E-04
 ---------------------------------------------------------------------------
Helicopter:  Sigma:    0.06618  CTh/s:    0.18259  FOM:    0.71542
                Ct:    0.09367     Cp:    0.03197    J:    0.04295
                Tc:  129.31137     Pc: 1027.71191  adv:    0.01367

  i  r/R   c/R  beta(deg)  CL     Cd    REx10^3 Mach   effi  effp  na.u/U
  1 0.121 0.0968  23.16  1.516 s 0.0942  17.92  0.028 18.696 0.088   0.000
  2 0.141 0.1070  29.26  1.516 s 0.0925  21.23  0.030  0.871 0.641   0.000
  3 0.175 0.1161  36.26  1.524 s 0.1525  27.80  0.037  0.515 0.594   0.000
  4 0.215 0.1275  41.48  1.531 s 0.2166  37.39  0.045  0.353 0.546   0.000
  5 0.259 0.1404  42.58  1.530 s 0.1990  49.56  0.054  0.248 0.603   0.000
  6 0.305 0.1499  39.44  1.522 s 0.1239  62.46  0.064  0.194 0.725   0.000
  7 0.351 0.1561  35.15  1.514 s 0.0605  75.30  0.074  0.159 0.851   0.000
  8 0.397 0.1589  31.44  1.503 s 0.0299  87.17  0.084  0.132 0.924   0.000
  9 0.443 0.1584  28.39  1.459   0.0228  97.23  0.094  0.122 0.938   0.000
 10 0.488 0.1552  25.91  1.392   0.0210 105.18  0.104  0.122 0.935   0.000
 11 0.532 0.1505  23.87  1.322   0.0199 111.42  0.113  0.124 0.930   0.000
 12 0.574 0.1439  22.15  1.264   0.0191 115.20  0.122  0.127 0.923   0.000
 13 0.615 0.1360  20.67  1.218   0.0187 116.83  0.131  0.131 0.914   0.000
 14 0.655 0.1278  19.43  1.180   0.0184 117.01  0.140  0.136 0.906   0.000
 15 0.693 0.1187  18.48  1.159   0.0184 115.04  0.148  0.140 0.896   0.000
 16 0.730 0.1092  17.72  1.149   0.0186 111.49  0.156  0.146 0.887   0.000
 17 0.764 0.1005  17.12  1.144   0.0188 107.49  0.163  0.150 0.877   0.000
 18 0.796 0.0928  16.62  1.136   0.0190 103.52  0.170  0.153 0.868   0.000
 19 0.826 0.0856  16.17  1.131   0.0193  99.09  0.177  0.157 0.859   0.000
 20 0.855 0.0789  15.80  1.124   0.0197  94.46  0.183  0.160 0.849   0.000
 21 0.880 0.0728  15.54  1.115   0.0200  89.90  0.189  0.160 0.842   0.000
 22 0.904 0.0669  15.32  1.105   0.0204  84.81  0.194  0.160 0.836   0.000
 23 0.925 0.0608  15.10  1.097   0.0209  78.87  0.198  0.160 0.827   0.000
 24 0.943 0.0550  14.89  1.081   0.0215  72.81  0.202  0.159 0.820   0.000
 25 0.959 0.0502  14.71  1.045   0.0219  67.54  0.206  0.152 0.816   0.000
 26 0.972 0.0465  14.57  0.979   0.0220  63.39  0.208  0.138 0.817   0.000
 27 0.983 0.0436  14.46  0.874   0.0219  60.21  0.211  0.119 0.821   0.000
 28 0.991 0.0415  14.38  0.724   0.0217  57.80  0.213  0.099 0.820   0.000
 29 0.997 0.0399  14.32  0.526   0.0216  55.96  0.214  0.081 0.799   0.000
 30 0.999 0.0386  14.27  0.325   0.0221  54.42  0.215  0.068 0.737   0.000
