XROTOR VERSION:  7.55
Arbitrary blade                 
!         Rho          Vso          Rmu           Alt
   1.2260       340.00      0.17800E-04   0.0000    
!         Rad          Vel          Adv          Rake
  0.31750       1.0000      0.12031E-01   0.0000    
!         XI0          XIW
  0.10205      0.10205    
!  Naero
     1
!   Xisection
   0.0000    
!       A0deg        dCLdA        CLmax         CLmin
   0.0000       6.2800       1.5000     -0.50000    
!  dCLdAstall     dCLstall      Cmconst         Mcrit
  0.10000      0.10000     -0.10000      0.80000    
!       CDmin      CLCDmin     dCDdCL^2
  0.13000E-01  0.50000      0.40000E-02
!       REref        REexp
  0.20000E+06 -0.40000    
!LVDuct  LDuct   LWind
  T       F       F
!   II Nblds
    30     2
!         r/R          C/R     Beta0deg         Ubody
  0.10831      0.88540E-01   20.496       0.0000    
  0.13013      0.10321       26.601       0.0000    
  0.16589      0.11359       34.447       0.0000    
  0.20836      0.12541       40.873       0.0000    
  0.25379      0.13891       42.726       0.0000    
  0.30043      0.14917       39.815       0.0000    
  0.34736      0.15584       35.465       0.0000    
  0.39405      0.15871       31.671       0.0000    
  0.44015      0.16161       28.544       0.0000    
  0.48538      0.16230       26.004       0.0000    
  0.52954      0.16112       23.973       0.0000    
  0.57244      0.15794       22.196       0.0000    
  0.61393      0.15339       20.716       0.0000    
  0.65386      0.14839       19.458       0.0000    
  0.69210      0.14224       18.493       0.0000    
  0.72853      0.13584       17.744       0.0000    
  0.76304      0.12975       17.125       0.0000    
  0.79552      0.12473       16.633       0.0000    
  0.82587      0.11978       16.178       0.0000    
  0.85402      0.11525       15.806       0.0000    
  0.87987      0.11127       15.538       0.0000    
  0.90335      0.10717       15.313       0.0000    
  0.92439      0.10274       15.092       0.0000    
  0.94294      0.98541E-01   14.887       0.0000    
  0.95893      0.94841E-01   14.707       0.0000    
  0.97233      0.91967E-01   14.563       0.0000    
  0.98310      0.89920E-01   14.456       0.0000    
  0.99120      0.88406E-01   14.375       0.0000    
  0.99661      0.87315E-01   14.321       0.0000    
  0.99932      0.85865E-01   14.240       0.0000    
!      URDuct
   1.0000    
