XROTOR VERSION:  7.55
Front                           
!         Rho          Vso          Rmu           Alt
   1.2260       340.00      0.17800E-04   0.0000    
!         Rad          Vel          Adv          Rake
  0.30000       10.000      0.18724       0.0000    
!         XI0          XIW
  0.16667      0.33333E-01
!  Naero
     1
!   Xisection
   0.0000    
!       A0deg        dCLdA        CLmax         CLmin
   0.0000       6.2800       1.5000     -0.50000    
!  dCLdAstall     dCLstall      Cmconst         Mcrit
  0.10000      0.10000     -0.10000      0.80000    
!       CDmin      CLCDmin     dCDdCL^2
  0.13000E-01  0.50000      0.40000E-02
!       REref        REexp
  0.20000E+06 -0.40000    
!LVDuct  LDuct   LWind
  T       F       F
!   II Nblds
    30     4
!         r/R          C/R     Beta0deg         Ubody
  0.17057      0.46187       60.696       0.0000    
  0.18522      0.46775       61.085       0.0000    
  0.21153      0.49344       60.016       0.0000    
  0.24565      0.53106       57.608       0.0000    
  0.28450      0.56634       54.533       0.0000    
  0.32605      0.59104       51.275       0.0000    
  0.36899      0.60331       48.111       0.0000    
  0.41249      0.60463       45.177       0.0000    
  0.45598      0.59740       42.523       0.0000    
  0.49904      0.58396       40.156       0.0000    
  0.54135      0.56613       38.062       0.0000    
  0.58267      0.54526       36.215       0.0000    
  0.62278      0.52226       34.589       0.0000    
  0.66150      0.49774       33.158       0.0000    
  0.69868      0.47209       31.899       0.0000    
  0.73416      0.44552       30.790       0.0000    
  0.76783      0.41818       29.815       0.0000    
  0.79956      0.39016       28.957       0.0000    
  0.82925      0.36151       28.204       0.0000    
  0.85680      0.33228       27.544       0.0000    
  0.88212      0.30252       26.968       0.0000    
  0.90514      0.27229       26.468       0.0000    
  0.92577      0.24164       26.038       0.0000    
  0.94397      0.21066       25.673       0.0000    
  0.95967      0.17944       25.367       0.0000    
  0.97282      0.14809       25.118       0.0000    
  0.98340      0.11682       24.921       0.0000    
  0.99135      0.85999E-01   24.776       0.0000    
  0.99667      0.56823E-01   24.680       0.0000    
  0.99933      0.34713E-01   24.632       0.0000    
!      URDuct
   1.0000    
!Nadd
    30
!        Radd         Uadd         Vadd
  0.51504E-01   2.3715       0.0000    
  0.57064E-01   2.4466       0.0000    
  0.66850E-01   2.6640       0.0000    
  0.79269E-01   2.9404       0.0000    
  0.93170E-01   3.1871       0.0000    
  0.10785       3.3633       0.0000    
  0.12290       3.4686       0.0000    
  0.13806       3.5192       0.0000    
  0.15315       3.5350       0.0000    
  0.16804       3.5335       0.0000    
  0.18265       3.5280       0.0000    
  0.19688       3.5271       0.0000    
  0.21068       3.5352       0.0000    
  0.22399       3.5530       0.0000    
  0.23676       3.5778       0.0000    
  0.24894       3.6052       0.0000    
  0.26049       3.6286       0.0000    
  0.27136       3.6409       0.0000    
  0.28154       3.6342       0.0000    
  0.29098       3.6008       0.0000    
  0.29965       3.5338       0.0000    
  0.30753       3.3726       0.0000    
  0.31460       3.1279       0.0000    
  0.32083       2.8241       0.0000    
  0.32620       2.4739       0.0000    
  0.33070       2.0872       0.0000    
  0.33432       1.6740       0.0000    
  0.33704       1.2460       0.0000    
  0.33886      0.82590       0.0000    
  0.33977      0.49536       0.0000    
