XROTOR VERSION:  7.55
po                              
!         Rho          Vso          Rmu           Alt
   1.2260       340.00      0.17800E-04   0.0000    
!         Rad          Vel          Adv          Rake
  0.34000       8.0000      0.11234       0.0000    
!         XI0          XIW
  0.32353E-01  0.14706    
!  Naero
     1
!   Xisection
   0.0000    
!       A0deg        dCLdA        CLmax         CLmin
   0.0000       6.2800       1.5000     -0.50000    
!  dCLdAstall     dCLstall      Cmconst         Mcrit
  0.10000      0.10000     -0.10000      0.80000    
!       CDmin      CLCDmin     dCDdCL^2
  0.13000E-01  0.50000      0.40000E-02
!       REref        REexp
  0.20000E+06 -0.40000    
!LVDuct  LDuct   LWind
  T       F       F
!   II Nblds
    30     4
!         r/R          C/R     Beta0deg         Ubody
  0.46929E-01  0.23784       95.714       0.0000    
  0.85437E-01  0.31612       78.519       0.0000    
  0.13452      0.35803       62.618       0.0000    
  0.18499      0.35815       51.591       0.0000    
  0.23550      0.34071       43.910       0.0000    
  0.28562      0.31786       38.352       0.0000    
  0.33509      0.29462       34.183       0.0000    
  0.38372      0.27290       30.962       0.0000    
  0.43136      0.25330       28.414       0.0000    
  0.47784      0.23589       26.359       0.0000    
  0.52305      0.22048       24.673       0.0000    
  0.56684      0.20683       23.273       0.0000    
  0.60910      0.19465       22.096       0.0000    
  0.64969      0.18366       21.098       0.0000    
  0.68852      0.17357       20.246       0.0000    
  0.72547      0.16412       19.514       0.0000    
  0.76044      0.15506       18.882       0.0000    
  0.79333      0.14614       18.336       0.0000    
  0.82405      0.13714       17.862       0.0000    
  0.85252      0.12790       17.452       0.0000    
  0.87865      0.11818       17.097       0.0000    
  0.90238      0.10792       16.792       0.0000    
  0.92365      0.97083E-01   16.531       0.0000    
  0.94238      0.85666E-01   16.310       0.0000    
  0.95854      0.73717E-01   16.126       0.0000    
  0.97207      0.61318E-01   15.976       0.0000    
  0.98294      0.48597E-01   15.859       0.0000    
  0.99111      0.35765E-01   15.772       0.0000    
  0.99658      0.23307E-01   15.715       0.0000    
  0.99932      0.13163E-01   15.686       0.0000    
!      URDuct
   1.0000    
!Nadd
    30
!        Radd         Uadd         Vadd
  0.15956E-01   1.6082       0.0000    
  0.29049E-01   3.0670       0.0000    
  0.45736E-01   3.6586       0.0000    
  0.62895E-01   3.9756       0.0000    
  0.80071E-01   4.1623       0.0000    
  0.97111E-01   4.2621       0.0000    
  0.11393       4.2996       0.0000    
  0.13047       4.2939       0.0000    
  0.14666       4.2606       0.0000    
  0.16247       4.2121       0.0000    
  0.17784       4.1570       0.0000    
  0.19273       4.1011       0.0000    
  0.20709       4.0476       0.0000    
  0.22090       3.9976       0.0000    
  0.23410       3.9504       0.0000    
  0.24666       3.9036       0.0000    
  0.25855       3.8536       0.0000    
  0.26973       3.7949       0.0000    
  0.28018       3.7214       0.0000    
  0.28986       3.6260       0.0000    
  0.29874       3.5014       0.0000    
  0.30681       3.3406       0.0000    
  0.31404       3.1373       0.0000    
  0.32041       2.8864       0.0000    
  0.32590       2.5850       0.0000    
  0.33050       2.2321       0.0000    
  0.33420       1.8305       0.0000    
  0.33698       1.3883       0.0000    
  0.33884      0.92801       0.0000    
  0.33977      0.53717       0.0000    
