XROTOR VERSION:  7.55
Arbitrary blade                 
!         Rho          Vso          Rmu           Alt
   1.2260       340.00      0.17800E-04   0.0000    
!         Rad          Vel          Adv          Rake
  0.27940       1.0000      0.13671E-01   0.0000    
!         XI0          XIW
  0.11596      0.11596    
!  Naero
     1
!   Xisection
   0.0000    
!       A0deg        dCLdA        CLmax         CLmin
   0.0000       6.2800       1.5000     -0.50000    
!  dCLdAstall     dCLstall      Cmconst         Mcrit
  0.10000      0.10000     -0.10000      0.80000    
!       CDmin      CLCDmin     dCDdCL^2
  0.13000E-01  0.50000      0.40000E-02
!       REref        REexp
  0.20000E+06 -0.40000    
!LVDuct  LDuct   LWind
  T       F       F
!   II Nblds
    30     2
!         r/R          C/R     Beta0deg         Ubody
  0.12152      0.94778E-01   21.873       0.0000    
  0.14137      0.10704       29.592       0.0000    
  0.17477      0.11899       36.367       0.0000    
  0.21536      0.13025       41.072       0.0000    
  0.25943      0.14045       42.577       0.0000    
  0.30506      0.14925       40.310       0.0000    
  0.35124      0.15644       35.873       0.0000    
  0.39733      0.16184       31.407       0.0000    
  0.44295      0.16520       28.387       0.0000    
  0.48779      0.16614       25.984       0.0000    
  0.53162      0.16489       23.901       0.0000    
  0.57424      0.16186       22.134       0.0000    
  0.61548      0.15747       20.671       0.0000    
  0.65520      0.15214       19.477       0.0000    
  0.69325      0.14630       18.513       0.0000    
  0.72952      0.14037       17.740       0.0000    
  0.76387      0.13478       17.118       0.0000    
  0.79622      0.12985       16.611       0.0000    
  0.82646      0.12545       16.197       0.0000    
  0.85450      0.12138       15.857       0.0000    
  0.88026      0.11741       15.571       0.0000    
  0.90366      0.11331       15.320       0.0000    
  0.92463      0.10898       15.090       0.0000    
  0.94312      0.10476       14.883       0.0000    
  0.95906      0.10112       14.706       0.0000    
  0.97242      0.98379E-01   14.563       0.0000    
  0.98315      0.96415E-01   14.455       0.0000    
  0.99123      0.94980E-01   14.379       0.0000    
  0.99662      0.93811E-01   14.321       0.0000    
  0.99932      0.92646E-01   14.262       0.0000    
!      URDuct
   1.0000    
