     0.0257361    -0.0146893     0.1147328
     0.0246016    -0.0138217     0.1147328
     0.0234834    -0.0129676     0.1147328
     0.0223824    -0.0121261     0.1147328
     0.0212985    -0.0112972     0.1147328
     0.0202315    -0.0104813     0.1147328
     0.0191811    -0.0096786     0.1147328
     0.0181474    -0.0088891     0.1147328
     0.0171302    -0.0081130     0.1147328
     0.0161291    -0.0073510     0.1147328
     0.0151435    -0.0066035     0.1147328
     0.0141734    -0.0058709     0.1147328
     0.0132186    -0.0051535     0.1147328
     0.0122788    -0.0044515     0.1147328
     0.0113540    -0.0037650     0.1147328
     0.0104441    -0.0030941     0.1147328
     0.0095491    -0.0024391     0.1147328
     0.0086688    -0.0018002     0.1147328
     0.0078032    -0.0011773     0.1147328
     0.0069522    -0.0005708     0.1147328
     0.0061153     0.0000187     0.1147328
     0.0052920     0.0005902     0.1147328
     0.0044816     0.0011431     0.1147328
     0.0036836     0.0016764     0.1147328
     0.0028976     0.0021895     0.1147328
     0.0021231     0.0026813     0.1147328
     0.0013599     0.0031513     0.1147328
     0.0006079     0.0035990     0.1147328
    -0.0001324     0.0040248     0.1147328
    -0.0008608     0.0044287     0.1147328
    -0.0015769     0.0048109     0.1147328
    -0.0022802     0.0051716     0.1147328
    -0.0029707     0.0055108     0.1147328
    -0.0036479     0.0058282     0.1147328
    -0.0043118     0.0061235     0.1147328
    -0.0049621     0.0063962     0.1147328
    -0.0055988     0.0066458     0.1147328
    -0.0062214     0.0068717     0.1147328
    -0.0068296     0.0070737     0.1147328
    -0.0074228     0.0072513     0.1147328
    -0.0080008     0.0074037     0.1147328
    -0.0085629     0.0075301     0.1147328
    -0.0091084     0.0076302     0.1147328
    -0.0096365     0.0077039     0.1147328
    -0.0101460     0.0077514     0.1147328
    -0.0106358     0.0077731     0.1147328
    -0.0111046     0.0077694     0.1147328
    -0.0115512     0.0077403     0.1147328
    -0.0119741     0.0076869     0.1147328
    -0.0123720     0.0076106     0.1147328
    -0.0127434     0.0075132     0.1147328
    -0.0130872     0.0073967     0.1147328
    -0.0134022     0.0072635     0.1147328
    -0.0136870     0.0071155     0.1147328
    -0.0139407     0.0069552     0.1147328
    -0.0141640     0.0067875     0.1147328
    -0.0143595     0.0066184     0.1147328
    -0.0145288     0.0064521     0.1147328
    -0.0146702     0.0062884     0.1147328
    -0.0147814     0.0061283     0.1147328
    -0.0148632     0.0059723     0.1147328
    -0.0149258     0.0057947     0.1147328
    -0.0149578     0.0055887     0.1147328
    -0.0149368     0.0053616     0.1147328
    -0.0148563     0.0051266     0.1147328
    -0.0147309     0.0048883     0.1147328
    -0.0145686     0.0046482     0.1147328
    -0.0143727     0.0044075     0.1147328
    -0.0141457     0.0041668     0.1147328
    -0.0138903     0.0039254     0.1147328
    -0.0136089     0.0036820     0.1147328
    -0.0133026     0.0034364     0.1147328
    -0.0129719     0.0031889     0.1147328
    -0.0126176     0.0029388     0.1147328
    -0.0122403     0.0026859     0.1147328
    -0.0118405     0.0024298     0.1147328
    -0.0114187     0.0021701     0.1147328
    -0.0109754     0.0019060     0.1147328
    -0.0105109     0.0016374     0.1147328
    -0.0100255     0.0013637     0.1147328
    -0.0095198     0.0010841     0.1147328
    -0.0089941     0.0007979     0.1147328
    -0.0084485     0.0005050     0.1147328
    -0.0078832     0.0002051     0.1147328
    -0.0072984    -0.0001021     0.1147328
    -0.0066943    -0.0004168     0.1147328
    -0.0060709    -0.0007394     0.1147328
    -0.0054285    -0.0010700     0.1147328
    -0.0047671    -0.0014089     0.1147328
    -0.0040868    -0.0017559     0.1147328
    -0.0033873    -0.0021108     0.1147328
    -0.0026687    -0.0024732     0.1147328
    -0.0019308    -0.0028431     0.1147328
    -0.0011735    -0.0032202     0.1147328
    -0.0003968    -0.0036043     0.1147328
     0.0003994    -0.0039954     0.1147328
     0.0012150    -0.0043934     0.1147328
     0.0020500    -0.0047984     0.1147328
     0.0029045    -0.0052103     0.1147328
     0.0037785    -0.0056290     0.1147328
     0.0046719    -0.0060545     0.1147328
     0.0055849    -0.0064867     0.1147328
     0.0065173    -0.0069255     0.1147328
     0.0074693    -0.0073712     0.1147328
     0.0084406    -0.0078236     0.1147328
     0.0094314    -0.0082828     0.1147328
     0.0104416    -0.0087490     0.1147328
     0.0114711    -0.0092219     0.1147328
     0.0125201    -0.0097018     0.1147328
     0.0135884    -0.0101887     0.1147328
     0.0146761    -0.0106824     0.1147328
     0.0157833    -0.0111830     0.1147328
     0.0169099    -0.0116905     0.1147328
     0.0180559    -0.0122051     0.1147328
     0.0192212    -0.0127270     0.1147328
     0.0204055    -0.0132570     0.1147328
     0.0216085    -0.0137959     0.1147328
     0.0228287    -0.0143467     0.1147328
     0.0240635    -0.0149155     0.1147328
     0.0253083    -0.0155114     0.1147328
