     0.0263683    -0.0090797     0.1805997
     0.0251815    -0.0084854     0.1805997
     0.0240121    -0.0079005     0.1805997
     0.0228601    -0.0073250     0.1805997
     0.0217246    -0.0067606     0.1805997
     0.0206050    -0.0062084     0.1805997
     0.0195015    -0.0056684     0.1805997
     0.0184140    -0.0051406     0.1805997
     0.0173425    -0.0046251     0.1805997
     0.0162868    -0.0041223     0.1805997
     0.0152470    -0.0036324     0.1805997
     0.0142228    -0.0031555     0.1805997
     0.0132143    -0.0026918     0.1805997
     0.0122215    -0.0022414     0.1805997
     0.0112444    -0.0018044     0.1805997
     0.0102828    -0.0013810     0.1805997
     0.0093367    -0.0009716     0.1805997
     0.0084061    -0.0005763     0.1805997
     0.0074909    -0.0001953     0.1805997
     0.0065910     0.0001711     0.1805997
     0.0057066     0.0005229     0.1805997
     0.0048376     0.0008601     0.1805997
     0.0039842     0.0011826     0.1805997
     0.0031464     0.0014904     0.1805997
     0.0023243     0.0017836     0.1805997
     0.0015180     0.0020621     0.1805997
     0.0007275     0.0023257     0.1805997
    -0.0000471     0.0025746     0.1805997
    -0.0008055     0.0028090     0.1805997
    -0.0015474     0.0030296     0.1805997
    -0.0022728     0.0032367     0.1805997
    -0.0029813     0.0034307     0.1805997
    -0.0036727     0.0036120     0.1805997
    -0.0043470     0.0037807     0.1805997
    -0.0050041     0.0039364     0.1805997
    -0.0056440     0.0040788     0.1805997
    -0.0062667     0.0042076     0.1805997
    -0.0068720     0.0043222     0.1805997
    -0.0074597     0.0044225     0.1805997
    -0.0080299     0.0045080     0.1805997
    -0.0085822     0.0045778     0.1805997
    -0.0091165     0.0046306     0.1805997
    -0.0096325     0.0046656     0.1805997
    -0.0101295     0.0046823     0.1805997
    -0.0106070     0.0046805     0.1805997
    -0.0110642     0.0046603     0.1805997
    -0.0115004     0.0046217     0.1805997
    -0.0119145     0.0045647     0.1805997
    -0.0123054     0.0044892     0.1805997
    -0.0126720     0.0043959     0.1805997
    -0.0130132     0.0042858     0.1805997
    -0.0133276     0.0041601     0.1805997
    -0.0136143     0.0040204     0.1805997
    -0.0138721     0.0038687     0.1805997
    -0.0140991     0.0037060     0.1805997
    -0.0142947     0.0035351     0.1805997
    -0.0144607     0.0033616     0.1805997
    -0.0146000     0.0031906     0.1805997
    -0.0147117     0.0030236     0.1805997
    -0.0147916     0.0028610     0.1805997
    -0.0148383     0.0027036     0.1805997
    -0.0148534     0.0025282     0.1805997
    -0.0148222     0.0023360     0.1805997
    -0.0147267     0.0021454     0.1805997
    -0.0145776     0.0019666     0.1805997
    -0.0143917     0.0017957     0.1805997
    -0.0141742     0.0016327     0.1805997
    -0.0139280     0.0014773     0.1805997
    -0.0136553     0.0013290     0.1805997
    -0.0133582     0.0011857     0.1805997
    -0.0130383     0.0010460     0.1805997
    -0.0126961     0.0009097     0.1805997
    -0.0123320     0.0007767     0.1805997
    -0.0119467     0.0006460     0.1805997
    -0.0115405     0.0005172     0.1805997
    -0.0111137     0.0003898     0.1805997
    -0.0106667     0.0002629     0.1805997
    -0.0101998     0.0001359     0.1805997
    -0.0097131     0.0000080     0.1805997
    -0.0092071    -0.0001218     0.1805997
    -0.0086820    -0.0002546     0.1805997
    -0.0081380    -0.0003914     0.1805997
    -0.0075753    -0.0005326     0.1805997
    -0.0069939    -0.0006784     0.1805997
    -0.0063941    -0.0008296     0.1805997
    -0.0057758    -0.0009864     0.1805997
    -0.0051392    -0.0011495     0.1805997
    -0.0044846    -0.0013195     0.1805997
    -0.0038119    -0.0014965     0.1805997
    -0.0031211    -0.0016803     0.1805997
    -0.0024122    -0.0018707     0.1805997
    -0.0016850    -0.0020673     0.1805997
    -0.0009395    -0.0022700     0.1805997
    -0.0001757    -0.0024784     0.1805997
     0.0006066    -0.0026924     0.1805997
     0.0014072    -0.0029120     0.1805997
     0.0022263    -0.0031372     0.1805997
     0.0030637    -0.0033680     0.1805997
     0.0039196    -0.0036043     0.1805997
     0.0047938    -0.0038463     0.1805997
     0.0056865    -0.0040938     0.1805997
     0.0065976    -0.0043468     0.1805997
     0.0075271    -0.0046053     0.1805997
     0.0084750    -0.0048694     0.1805997
     0.0094413    -0.0051390     0.1805997
     0.0104260    -0.0054142     0.1805997
     0.0114291    -0.0056948     0.1805997
     0.0124506    -0.0059811     0.1805997
     0.0134905    -0.0062726     0.1805997
     0.0145489    -0.0065694     0.1805997
     0.0156260    -0.0068710     0.1805997
     0.0167217    -0.0071770     0.1805997
     0.0178363    -0.0074868     0.1805997
     0.0189700    -0.0077999     0.1805997
     0.0201227    -0.0081160     0.1805997
     0.0212945    -0.0084351     0.1805997
     0.0224855    -0.0087569     0.1805997
     0.0236954    -0.0090826     0.1805997
     0.0249230    -0.0094164     0.1805997
     0.0261671    -0.0097629     0.1805997
