     0.0206530    -0.0052258     0.2464666
     0.0197307    -0.0048327     0.2464666
     0.0188197    -0.0044511     0.2464666
     0.0179205    -0.0040801     0.2464666
     0.0170320    -0.0037220     0.2464666
     0.0161540    -0.0033778     0.2464666
     0.0152868    -0.0030471     0.2464666
     0.0144306    -0.0027295     0.2464666
     0.0135857    -0.0024247     0.2464666
     0.0127522    -0.0021323     0.2464666
     0.0119304    -0.0018516     0.2464666
     0.0111205    -0.0015825     0.2464666
     0.0103226    -0.0013245     0.2464666
     0.0095370    -0.0010775     0.2464666
     0.0087636    -0.0008411     0.2464666
     0.0080027    -0.0006154     0.2464666
     0.0072543    -0.0004002     0.2464666
     0.0065184    -0.0001953     0.2464666
     0.0057953    -0.0000007     0.2464666
     0.0050848     0.0001837     0.2464666
     0.0043873     0.0003579     0.2464666
     0.0037026     0.0005222     0.2464666
     0.0030310     0.0006768     0.2464666
     0.0023726     0.0008220     0.2464666
     0.0017275     0.0009580     0.2464666
     0.0010957     0.0010848     0.2464666
     0.0004774     0.0012027     0.2464666
    -0.0001274     0.0013118     0.2464666
    -0.0007185     0.0014125     0.2464666
    -0.0012958     0.0015052     0.2464666
    -0.0018592     0.0015905     0.2464666
    -0.0024085     0.0016688     0.2464666
    -0.0029437     0.0017406     0.2464666
    -0.0034646     0.0018061     0.2464666
    -0.0039713     0.0018652     0.2464666
    -0.0044637     0.0019179     0.2464666
    -0.0049417     0.0019641     0.2464666
    -0.0054054     0.0020035     0.2464666
    -0.0058547     0.0020361     0.2464666
    -0.0062895     0.0020618     0.2464666
    -0.0067097     0.0020803     0.2464666
    -0.0071152     0.0020909     0.2464666
    -0.0075059     0.0020930     0.2464666
    -0.0078817     0.0020862     0.2464666
    -0.0082421     0.0020703     0.2464666
    -0.0085870     0.0020453     0.2464666
    -0.0089161     0.0020112     0.2464666
    -0.0092289     0.0019681     0.2464666
    -0.0095251     0.0019157     0.2464666
    -0.0098040     0.0018541     0.2464666
    -0.0100653     0.0017837     0.2464666
    -0.0103082     0.0017047     0.2464666
    -0.0105321     0.0016173     0.2464666
    -0.0107363     0.0015223     0.2464666
    -0.0109198     0.0014200     0.2464666
    -0.0110811     0.0013107     0.2464666
    -0.0112195     0.0011956     0.2464666
    -0.0113352     0.0010773     0.2464666
    -0.0114286     0.0009588     0.2464666
    -0.0114933     0.0008391     0.2464666
    -0.0115163     0.0007173     0.2464666
    -0.0114878     0.0005882     0.2464666
    -0.0114062     0.0004695     0.2464666
    -0.0112794     0.0003732     0.2464666
    -0.0111253     0.0002885     0.2464666
    -0.0109507     0.0002111     0.2464666
    -0.0107568     0.0001417     0.2464666
    -0.0105450     0.0000795     0.2464666
    -0.0103162     0.0000229     0.2464666
    -0.0100714    -0.0000300     0.2464666
    -0.0098109    -0.0000795     0.2464666
    -0.0095349    -0.0001258     0.2464666
    -0.0092436    -0.0001692     0.2464666
    -0.0089370    -0.0002100     0.2464666
    -0.0086155    -0.0002488     0.2464666
    -0.0082789    -0.0002860     0.2464666
    -0.0079276    -0.0003223     0.2464666
    -0.0075614    -0.0003581     0.2464666
    -0.0071806    -0.0003942     0.2464666
    -0.0067851    -0.0004312     0.2464666
    -0.0063751    -0.0004701     0.2464666
    -0.0059507    -0.0005114     0.2464666
    -0.0055118    -0.0005555     0.2464666
    -0.0050586    -0.0006027     0.2464666
    -0.0045910    -0.0006536     0.2464666
    -0.0041091    -0.0007084     0.2464666
    -0.0036130    -0.0007679     0.2464666
    -0.0031028    -0.0008323     0.2464666
    -0.0025785    -0.0009020     0.2464666
    -0.0020402    -0.0009767     0.2464666
    -0.0014877    -0.0010564     0.2464666
    -0.0009212    -0.0011411     0.2464666
    -0.0003407    -0.0012305     0.2464666
     0.0002540    -0.0013247     0.2464666
     0.0008626    -0.0014237     0.2464666
     0.0014853    -0.0015275     0.2464666
     0.0021220    -0.0016362     0.2464666
     0.0027727    -0.0017499     0.2464666
     0.0034373    -0.0018688     0.2464666
     0.0041159    -0.0019930     0.2464666
     0.0048083    -0.0021225     0.2464666
     0.0055145    -0.0022575     0.2464666
     0.0062345    -0.0023981     0.2464666
     0.0069683    -0.0025444     0.2464666
     0.0077158    -0.0026964     0.2464666
     0.0084770    -0.0028542     0.2464666
     0.0092519    -0.0030180     0.2464666
     0.0100404    -0.0031879     0.2464666
     0.0108425    -0.0033639     0.2464666
     0.0116582    -0.0035458     0.2464666
     0.0124876    -0.0037333     0.2464666
     0.0133307    -0.0039263     0.2464666
     0.0141876    -0.0041243     0.2464666
     0.0150584    -0.0043269     0.2464666
     0.0159430    -0.0045339     0.2464666
     0.0168416    -0.0047453     0.2464666
     0.0177541    -0.0049605     0.2464666
     0.0186806    -0.0051800     0.2464666
     0.0196207    -0.0054054     0.2464666
     0.0205737    -0.0056394     0.2464666
