     0.0203436    -0.0173265     0.0817994
     0.0194846    -0.0163556     0.0817994
     0.0186378    -0.0153995     0.0817994
     0.0178041    -0.0144576     0.0817994
     0.0169833    -0.0135301     0.0817994
     0.0161753    -0.0126171     0.0817994
     0.0153799    -0.0117187     0.0817994
     0.0145973    -0.0108347     0.0817994
     0.0138272    -0.0099654     0.0817994
     0.0130694    -0.0091111     0.0817994
     0.0123234    -0.0082721     0.0817994
     0.0115891    -0.0074484     0.0817994
     0.0108665    -0.0066404     0.0817994
     0.0101553    -0.0058480     0.0817994
     0.0094556    -0.0050713     0.0817994
     0.0087674    -0.0043103     0.0817994
     0.0080908    -0.0035649     0.0817994
     0.0074257    -0.0028352     0.0817994
     0.0067722    -0.0021211     0.0817994
     0.0061302    -0.0014229     0.0817994
     0.0054989    -0.0007413     0.0817994
     0.0048769    -0.0000774     0.0817994
     0.0042632     0.0005678     0.0817994
     0.0036567     0.0011931     0.0817994
     0.0030565     0.0017976     0.0817994
     0.0024616     0.0023803     0.0817994
     0.0018713     0.0029402     0.0817994
     0.0012856     0.0034768     0.0817994
     0.0007047     0.0039901     0.0817994
     0.0001291     0.0044801     0.0817994
    -0.0004409     0.0049468     0.0817994
    -0.0010051     0.0053901     0.0817994
    -0.0015631     0.0058098     0.0817994
    -0.0021146     0.0062056     0.0817994
    -0.0026595     0.0065771     0.0817994
    -0.0031976     0.0069239     0.0817994
    -0.0037285     0.0072453     0.0817994
    -0.0042521     0.0075408     0.0817994
    -0.0047676     0.0078100     0.0817994
    -0.0052746     0.0080525     0.0817994
    -0.0057725     0.0082679     0.0817994
    -0.0062605     0.0084555     0.0817994
    -0.0067378     0.0086155     0.0817994
    -0.0072032     0.0087477     0.0817994
    -0.0076555     0.0088526     0.0817994
    -0.0080935     0.0089305     0.0817994
    -0.0085158     0.0089818     0.0817994
    -0.0089211     0.0090068     0.0817994
    -0.0093078     0.0090066     0.0817994
    -0.0096746     0.0089828     0.0817994
    -0.0100200     0.0089371     0.0817994
    -0.0103428     0.0088717     0.0817994
    -0.0106417     0.0087885     0.0817994
    -0.0109155     0.0086890     0.0817994
    -0.0111633     0.0085762     0.0817994
    -0.0113860     0.0084550     0.0817994
    -0.0115850     0.0083307     0.0817994
    -0.0117608     0.0082063     0.0817994
    -0.0119118     0.0080810     0.0817994
    -0.0120367     0.0079555     0.0817994
    -0.0121361     0.0078307     0.0817994
    -0.0122243     0.0076850     0.0817994
    -0.0122942     0.0075099     0.0817994
    -0.0123261     0.0073063     0.0817994
    -0.0123087     0.0070824     0.0817994
    -0.0122513     0.0068459     0.0817994
    -0.0121616     0.0065998     0.0817994
    -0.0120421     0.0063459     0.0817994
    -0.0118950     0.0060855     0.0817994
    -0.0117225     0.0058187     0.0817994
    -0.0115271     0.0055450     0.0817994
    -0.0113100     0.0052642     0.0817994
    -0.0110717     0.0049766     0.0817994
    -0.0108127     0.0046823     0.0817994
    -0.0105337     0.0043811     0.0817994
    -0.0102351     0.0040727     0.0817994
    -0.0099175     0.0037570     0.0817994
    -0.0095813     0.0034336     0.0817994
    -0.0092267     0.0031025     0.0817994
    -0.0088541     0.0027634     0.0817994
    -0.0084638     0.0024161     0.0817994
    -0.0080561     0.0020601     0.0817994
    -0.0076313     0.0016954     0.0817994
    -0.0071893     0.0013220     0.0817994
    -0.0067304     0.0009397     0.0817994
    -0.0062547     0.0005484     0.0817994
    -0.0057623     0.0001480     0.0817994
    -0.0052533    -0.0002616     0.0817994
    -0.0047279    -0.0006805     0.0817994
    -0.0041858    -0.0011084     0.0817994
    -0.0036272    -0.0015454     0.0817994
    -0.0030519    -0.0019911     0.0817994
    -0.0024599    -0.0024457     0.0817994
    -0.0018510    -0.0029087     0.0817994
    -0.0012252    -0.0033802     0.0817994
    -0.0005825    -0.0038601     0.0817994
     0.0000771    -0.0043485     0.0817994
     0.0007535    -0.0048451     0.0817994
     0.0014469    -0.0053502     0.0817994
     0.0021571    -0.0058635     0.0817994
     0.0028842    -0.0063850     0.0817994
     0.0036283    -0.0069147     0.0817994
     0.0043893    -0.0074525     0.0817994
     0.0051671    -0.0079987     0.0817994
     0.0059617    -0.0085531     0.0817994
     0.0067730    -0.0091159     0.0817994
     0.0076010    -0.0096873     0.0817994
     0.0084457    -0.0102671     0.0817994
     0.0093069    -0.0108555     0.0817994
     0.0101845    -0.0114528     0.0817994
     0.0110784    -0.0120590     0.0817994
     0.0119885    -0.0126745     0.0817994
     0.0129147    -0.0132994     0.0817994
     0.0138565    -0.0139345     0.0817994
     0.0148136    -0.0145802     0.0817994
     0.0157854    -0.0152375     0.0817994
     0.0167710    -0.0159077     0.0817994
     0.0177683    -0.0165941     0.0817994
     0.0187730    -0.0173024     0.0817994
     0.0197780    -0.0180423     0.0817994
