     0.0186301    -0.0044292     0.2629333
     0.0178005    -0.0040835     0.2629333
     0.0169802    -0.0037502     0.2629333
     0.0161700    -0.0034275     0.2629333
     0.0153692    -0.0031176     0.2629333
     0.0145775    -0.0028211     0.2629333
     0.0137953    -0.0025375     0.2629333
     0.0130229    -0.0022664     0.2629333
     0.0122605    -0.0020075     0.2629333
     0.0115082    -0.0017602     0.2629333
     0.0107665    -0.0015239     0.2629333
     0.0100354    -0.0012984     0.2629333
     0.0093151    -0.0010833     0.2629333
     0.0086059    -0.0008783     0.2629333
     0.0079077    -0.0006831     0.2629333
     0.0072208    -0.0004976     0.2629333
     0.0065452    -0.0003217     0.2629333
     0.0058810    -0.0001550     0.2629333
     0.0052284     0.0000024     0.2629333
     0.0045874     0.0001507     0.2629333
     0.0039580     0.0002901     0.2629333
     0.0033405     0.0004207     0.2629333
     0.0027349     0.0005428     0.2629333
     0.0021413     0.0006567     0.2629333
     0.0015598     0.0007627     0.2629333
     0.0009905     0.0008608     0.2629333
     0.0004335     0.0009513     0.2629333
    -0.0001111     0.0010343     0.2629333
    -0.0006433     0.0011102     0.2629333
    -0.0011629     0.0011794     0.2629333
    -0.0016698     0.0012424     0.2629333
    -0.0021639     0.0012997     0.2629333
    -0.0026452     0.0013515     0.2629333
    -0.0031135     0.0013983     0.2629333
    -0.0035689     0.0014401     0.2629333
    -0.0040113     0.0014767     0.2629333
    -0.0044407     0.0015082     0.2629333
    -0.0048571     0.0015343     0.2629333
    -0.0052603     0.0015551     0.2629333
    -0.0056505     0.0015705     0.2629333
    -0.0060274     0.0015804     0.2629333
    -0.0063910     0.0015842     0.2629333
    -0.0067413     0.0015815     0.2629333
    -0.0070780     0.0015718     0.2629333
    -0.0074011     0.0015551     0.2629333
    -0.0077102     0.0015314     0.2629333
    -0.0080052     0.0015004     0.2629333
    -0.0082858     0.0014625     0.2629333
    -0.0085518     0.0014174     0.2629333
    -0.0088026     0.0013652     0.2629333
    -0.0090380     0.0013059     0.2629333
    -0.0092575     0.0012399     0.2629333
    -0.0094606     0.0011672     0.2629333
    -0.0096467     0.0010879     0.2629333
    -0.0098150     0.0010026     0.2629333
    -0.0099643     0.0009111     0.2629333
    -0.0100934     0.0008136     0.2629333
    -0.0102016     0.0007116     0.2629333
    -0.0102895     0.0006085     0.2629333
    -0.0103506     0.0005027     0.2629333
    -0.0103690     0.0003932     0.2629333
    -0.0103330     0.0002798     0.2629333
    -0.0102456     0.0001831     0.2629333
    -0.0101209     0.0001109     0.2629333
    -0.0099756     0.0000478     0.2629333
    -0.0098134    -0.0000092     0.2629333
    -0.0096349    -0.0000590     0.2629333
    -0.0094412    -0.0001024     0.2629333
    -0.0092329    -0.0001411     0.2629333
    -0.0090107    -0.0001766     0.2629333
    -0.0087747    -0.0002093     0.2629333
    -0.0085250    -0.0002391     0.2629333
    -0.0082618    -0.0002664     0.2629333
    -0.0079851    -0.0002914     0.2629333
    -0.0076951    -0.0003146     0.2629333
    -0.0073917    -0.0003364     0.2629333
    -0.0070752    -0.0003573     0.2629333
    -0.0067454    -0.0003779     0.2629333
    -0.0064025    -0.0003987     0.2629333
    -0.0060464    -0.0004203     0.2629333
    -0.0056773    -0.0004435     0.2629333
    -0.0052952    -0.0004688     0.2629333
    -0.0049000    -0.0004966     0.2629333
    -0.0044919    -0.0005271     0.2629333
    -0.0040708    -0.0005608     0.2629333
    -0.0036369    -0.0005981     0.2629333
    -0.0031901    -0.0006394     0.2629333
    -0.0027306    -0.0006851     0.2629333
    -0.0022583    -0.0007356     0.2629333
    -0.0017733    -0.0007906     0.2629333
    -0.0012757    -0.0008500     0.2629333
    -0.0007653    -0.0009140     0.2629333
    -0.0002423    -0.0009825     0.2629333
     0.0002934    -0.0010553     0.2629333
     0.0008418    -0.0011326     0.2629333
     0.0014027    -0.0012144     0.2629333
     0.0019763    -0.0013009     0.2629333
     0.0025623    -0.0013922     0.2629333
     0.0031609    -0.0014883     0.2629333
     0.0037720    -0.0015895     0.2629333
     0.0043956    -0.0016959     0.2629333
     0.0050314    -0.0018077     0.2629333
     0.0056797    -0.0019250     0.2629333
     0.0063403    -0.0020477     0.2629333
     0.0070132    -0.0021761     0.2629333
     0.0076983    -0.0023102     0.2629333
     0.0083956    -0.0024503     0.2629333
     0.0091051    -0.0025964     0.2629333
     0.0098267    -0.0027486     0.2629333
     0.0105603    -0.0029067     0.2629333
     0.0113062    -0.0030705     0.2629333
     0.0120642    -0.0032400     0.2629333
     0.0128345    -0.0034147     0.2629333
     0.0136171    -0.0035943     0.2629333
     0.0144119    -0.0037788     0.2629333
     0.0152191    -0.0039679     0.2629333
     0.0160388    -0.0041614     0.2629333
     0.0168707    -0.0043595     0.2629333
     0.0177148    -0.0045632     0.2629333
     0.0185704    -0.0047750     0.2629333
