     0.0272459    -0.0104817     0.1641330
     0.0260198    -0.0098195     0.1641330
     0.0248116    -0.0091679     0.1641330
     0.0236217    -0.0085260     0.1641330
     0.0224498    -0.0078945     0.1641330
     0.0212954    -0.0072740     0.1641330
     0.0201586    -0.0066647     0.1641330
     0.0190392    -0.0060667     0.1641330
     0.0179371    -0.0054805     0.1641330
     0.0168520    -0.0049066     0.1641330
     0.0157834    -0.0043457     0.1641330
     0.0147313    -0.0037981     0.1641330
     0.0136955    -0.0032642     0.1641330
     0.0126759    -0.0027442     0.1641330
     0.0116723    -0.0022384     0.1641330
     0.0106846    -0.0017472     0.1641330
     0.0097127    -0.0012710     0.1641330
     0.0087565    -0.0008100     0.1641330
     0.0078158    -0.0003645     0.1641330
     0.0068906     0.0000651     0.1641330
     0.0059809     0.0004788     0.1641330
     0.0050868     0.0008764     0.1641330
     0.0042081     0.0012579     0.1641330
     0.0033451     0.0016231     0.1641330
     0.0024978     0.0019720     0.1641330
     0.0016661     0.0023044     0.1641330
     0.0008502     0.0026202     0.1641330
     0.0000501     0.0029193     0.1641330
    -0.0007338     0.0032022     0.1641330
    -0.0015013     0.0034691     0.1641330
    -0.0022523     0.0037207     0.1641330
    -0.0029863     0.0039571     0.1641330
    -0.0037033     0.0041788     0.1641330
    -0.0044032     0.0043856     0.1641330
    -0.0050858     0.0045771     0.1641330
    -0.0057511     0.0047530     0.1641330
    -0.0063992     0.0049129     0.1641330
    -0.0070299     0.0050563     0.1641330
    -0.0076429     0.0051828     0.1641330
    -0.0082383     0.0052920     0.1641330
    -0.0088157     0.0053827     0.1641330
    -0.0093749     0.0054535     0.1641330
    -0.0099156     0.0055038     0.1641330
    -0.0104370     0.0055329     0.1641330
    -0.0109383     0.0055407     0.1641330
    -0.0114188     0.0055273     0.1641330
    -0.0118773     0.0054930     0.1641330
    -0.0123128     0.0054372     0.1641330
    -0.0127240     0.0053606     0.1641330
    -0.0131095     0.0052637     0.1641330
    -0.0134680     0.0051479     0.1641330
    -0.0137981     0.0050149     0.1641330
    -0.0140987     0.0048667     0.1641330
    -0.0143686     0.0047053     0.1641330
    -0.0146058     0.0045324     0.1641330
    -0.0148105     0.0043517     0.1641330
    -0.0149851     0.0041695     0.1641330
    -0.0151326     0.0039908     0.1641330
    -0.0152517     0.0038166     0.1641330
    -0.0153391     0.0036476     0.1641330
    -0.0153945     0.0034845     0.1641330
    -0.0154220     0.0033019     0.1641330
    -0.0154074     0.0030979     0.1641330
    -0.0153293     0.0028878     0.1641330
    -0.0151923     0.0026851     0.1641330
    -0.0150142     0.0024888     0.1641330
    -0.0148013     0.0022989     0.1641330
    -0.0145569     0.0021155     0.1641330
    -0.0142834     0.0019385     0.1641330
    -0.0139835     0.0017661     0.1641330
    -0.0136590     0.0015966     0.1641330
    -0.0133104     0.0014299     0.1641330
    -0.0129385     0.0012659     0.1641330
    -0.0125438     0.0011038     0.1641330
    -0.0121270     0.0009429     0.1641330
    -0.0116883     0.0007828     0.1641330
    -0.0112281     0.0006227     0.1641330
    -0.0107470     0.0004618     0.1641330
    -0.0102450     0.0002995     0.1641330
    -0.0097227     0.0001349     0.1641330
    -0.0091803    -0.0000334     0.1641330
    -0.0086183    -0.0002062     0.1641330
    -0.0080366    -0.0003839     0.1641330
    -0.0074355    -0.0005670     0.1641330
    -0.0068151    -0.0007559     0.1641330
    -0.0061756    -0.0009510     0.1641330
    -0.0055170    -0.0011530     0.1641330
    -0.0048396    -0.0013623     0.1641330
    -0.0041435    -0.0015791     0.1641330
    -0.0034285    -0.0018034     0.1641330
    -0.0026946    -0.0020347     0.1641330
    -0.0019417    -0.0022727     0.1641330
    -0.0011697    -0.0025172     0.1641330
    -0.0003785    -0.0027677     0.1641330
     0.0004319    -0.0030243     0.1641330
     0.0012617    -0.0032868     0.1641330
     0.0021107    -0.0035552     0.1641330
     0.0029789    -0.0038295     0.1641330
     0.0038665    -0.0041097     0.1641330
     0.0047733    -0.0043956     0.1641330
     0.0056995    -0.0046874     0.1641330
     0.0066450    -0.0049848     0.1641330
     0.0076098    -0.0052879     0.1641330
     0.0085940    -0.0055967     0.1641330
     0.0095975    -0.0059111     0.1641330
     0.0106203    -0.0062313     0.1641330
     0.0116625    -0.0065570     0.1641330
     0.0127241    -0.0068883     0.1641330
     0.0138051    -0.0072251     0.1641330
     0.0149055    -0.0075671     0.1641330
     0.0160255    -0.0079139     0.1641330
     0.0171652    -0.0082654     0.1641330
     0.0183247    -0.0086207     0.1641330
     0.0195043    -0.0089794     0.1641330
     0.0207040    -0.0093414     0.1641330
     0.0219236    -0.0097066     0.1641330
     0.0231635    -0.0100749     0.1641330
     0.0244228    -0.0104480     0.1641330
     0.0257005    -0.0108306     0.1641330
     0.0269947    -0.0112281     0.1641330
