     0.0232736    -0.0163505     0.0982661
     0.0222672    -0.0154129     0.0982661
     0.0212753    -0.0144899     0.0982661
     0.0202988    -0.0135804     0.0982661
     0.0193373    -0.0126848     0.0982661
     0.0183908    -0.0118032     0.0982661
     0.0174591    -0.0109357     0.0982661
     0.0165422    -0.0100823     0.0982661
     0.0156400    -0.0092432     0.0982661
     0.0147521    -0.0084189     0.0982661
     0.0138780    -0.0076098     0.0982661
     0.0130175    -0.0068160     0.0982661
     0.0121706    -0.0060379     0.0982661
     0.0113371    -0.0052756     0.0982661
     0.0105169    -0.0045290     0.0982661
     0.0097099    -0.0037983     0.0982661
     0.0089163    -0.0030836     0.0982661
     0.0081359    -0.0023850     0.0982661
     0.0073687    -0.0017025     0.0982661
     0.0066146    -0.0010362     0.0982661
     0.0058730    -0.0003870     0.0982661
     0.0051428     0.0002442     0.0982661
     0.0044233     0.0008563     0.0982661
     0.0037137     0.0014483     0.0982661
     0.0030132     0.0020194     0.0982661
     0.0023212     0.0025686     0.0982661
     0.0016372     0.0030949     0.0982661
     0.0009611     0.0035980     0.0982661
     0.0002933     0.0040780     0.0982661
    -0.0003658     0.0045349     0.0982661
    -0.0010160     0.0049688     0.0982661
    -0.0016567     0.0053798     0.0982661
    -0.0022878     0.0057676     0.0982661
    -0.0029090     0.0061322     0.0982661
    -0.0035200     0.0064730     0.0982661
    -0.0041208     0.0067897     0.0982661
    -0.0047110     0.0070816     0.0982661
    -0.0052904     0.0073482     0.0982661
    -0.0058584     0.0075892     0.0982661
    -0.0064145     0.0078042     0.0982661
    -0.0069583     0.0079924     0.0982661
    -0.0074890     0.0081534     0.0982661
    -0.0080060     0.0082869     0.0982661
    -0.0085081     0.0083929     0.0982661
    -0.0089943     0.0084717     0.0982661
    -0.0094633     0.0085237     0.0982661
    -0.0099137     0.0085492     0.0982661
    -0.0103444     0.0085486     0.0982661
    -0.0107538     0.0085229     0.0982661
    -0.0111405     0.0084735     0.0982661
    -0.0115031     0.0084023     0.0982661
    -0.0118404     0.0083116     0.0982661
    -0.0121512     0.0082032     0.0982661
    -0.0124340     0.0080790     0.0982661
    -0.0126882     0.0079418     0.0982661
    -0.0129145     0.0077964     0.0982661
    -0.0131147     0.0076487     0.0982661
    -0.0132901     0.0075022     0.0982661
    -0.0134388     0.0073566     0.0982661
    -0.0135592     0.0072124     0.0982661
    -0.0136518     0.0070705     0.0982661
    -0.0137291     0.0069068     0.0982661
    -0.0137821     0.0067136     0.0982661
    -0.0137891     0.0064947     0.0982661
    -0.0137409     0.0062610     0.0982661
    -0.0136496     0.0060190     0.0982661
    -0.0135231     0.0057710     0.0982661
    -0.0133644     0.0055186     0.0982661
    -0.0131760     0.0052626     0.0982661
    -0.0129601     0.0050030     0.0982661
    -0.0127195     0.0047386     0.0982661
    -0.0124553     0.0044695     0.0982661
    -0.0121679     0.0041957     0.0982661
    -0.0118581     0.0039172     0.0982661
    -0.0115264     0.0036335     0.0982661
    -0.0111734     0.0033446     0.0982661
    -0.0107996     0.0030499     0.0982661
    -0.0104055     0.0027491     0.0982661
    -0.0099913     0.0024420     0.0982661
    -0.0095575     0.0021281     0.0982661
    -0.0091044     0.0018070     0.0982661
    -0.0086325     0.0014782     0.0982661
    -0.0081417     0.0011415     0.0982661
    -0.0076325     0.0007968     0.0982661
    -0.0071048     0.0004438     0.0982661
    -0.0065588     0.0000825     0.0982661
    -0.0059947    -0.0002875     0.0982661
    -0.0054127    -0.0006662     0.0982661
    -0.0048127    -0.0010538     0.0982661
    -0.0041949    -0.0014501     0.0982661
    -0.0035590    -0.0018550     0.0982661
    -0.0029050    -0.0022682     0.0982661
    -0.0022328    -0.0026897     0.0982661
    -0.0015424    -0.0031191     0.0982661
    -0.0008336    -0.0035565     0.0982661
    -0.0001065    -0.0040016     0.0982661
     0.0006390    -0.0044546     0.0982661
     0.0014028    -0.0049154     0.0982661
     0.0021850    -0.0053839     0.0982661
     0.0029854    -0.0058601     0.0982661
     0.0038043    -0.0063439     0.0982661
     0.0046416    -0.0068353     0.0982661
     0.0054972    -0.0073343     0.0982661
     0.0063712    -0.0078409     0.0982661
     0.0072635    -0.0083552     0.0982661
     0.0081740    -0.0088773     0.0982661
     0.0091027    -0.0094072     0.0982661
     0.0100497    -0.0099449     0.0982661
     0.0110147    -0.0104905     0.0982661
     0.0119979    -0.0110442     0.0982661
     0.0129991    -0.0116060     0.0982661
     0.0140183    -0.0121761     0.0982661
     0.0150555    -0.0127546     0.0982661
     0.0161103    -0.0133419     0.0982661
     0.0171828    -0.0139384     0.0982661
     0.0182723    -0.0145451     0.0982661
     0.0193783    -0.0151630     0.0982661
     0.0204990    -0.0157954     0.0982661
     0.0216308    -0.0164483     0.0982661
     0.0227679    -0.0171313     0.0982661
