     0.0235351    -0.0068007     0.2135331
     0.0224784    -0.0063239     0.2135331
     0.0214370    -0.0058553     0.2135331
     0.0204105    -0.0053956     0.2135331
     0.0193973    -0.0049484     0.2135331
     0.0183969    -0.0045150     0.2135331
     0.0174095    -0.0040951     0.2135331
     0.0164351    -0.0036885     0.2135331
     0.0154740    -0.0032952     0.2135331
     0.0145263    -0.0029146     0.2135331
     0.0135922    -0.0025467     0.2135331
     0.0126718    -0.0021910     0.2135331
     0.0117653    -0.0018474     0.2135331
     0.0108727    -0.0015157     0.2135331
     0.0099942    -0.0011958     0.2135331
     0.0091298    -0.0008878     0.2135331
     0.0082795    -0.0005916     0.2135331
     0.0074433    -0.0003075     0.2135331
     0.0066213    -0.0000353     0.2135331
     0.0058135     0.0002249     0.2135331
     0.0050201     0.0004730     0.2135331
     0.0042409     0.0007092     0.2135331
     0.0034763     0.0009337     0.2135331
     0.0027263     0.0011465     0.2135331
     0.0019911     0.0013478     0.2135331
     0.0012706     0.0015376     0.2135331
     0.0005649     0.0017161     0.2135331
    -0.0001257     0.0018833     0.2135331
    -0.0008011     0.0020396     0.2135331
    -0.0014613     0.0021856     0.2135331
    -0.0021059     0.0023216     0.2135331
    -0.0027348     0.0024483     0.2135331
    -0.0033479     0.0025661     0.2135331
    -0.0039451     0.0026751     0.2135331
    -0.0045264     0.0027751     0.2135331
    -0.0050917     0.0028660     0.2135331
    -0.0056410     0.0029474     0.2135331
    -0.0061742     0.0030191     0.2135331
    -0.0066913     0.0030809     0.2135331
    -0.0071922     0.0031325     0.2135331
    -0.0076767     0.0031735     0.2135331
    -0.0081448     0.0032026     0.2135331
    -0.0085963     0.0032190     0.2135331
    -0.0090307     0.0032224     0.2135331
    -0.0094478     0.0032126     0.2135331
    -0.0098471     0.0031892     0.2135331
    -0.0102280     0.0031526     0.2135331
    -0.0105899     0.0031025     0.2135331
    -0.0109321     0.0030388     0.2135331
    -0.0112537     0.0029615     0.2135331
    -0.0115540     0.0028714     0.2135331
    -0.0118318     0.0027688     0.2135331
    -0.0120862     0.0026545     0.2135331
    -0.0123163     0.0025301     0.2135331
    -0.0125203     0.0023959     0.2135331
    -0.0126965     0.0022530     0.2135331
    -0.0128454     0.0021054     0.2135331
    -0.0129692     0.0019579     0.2135331
    -0.0130677     0.0018130     0.2135331
    -0.0131356     0.0016702     0.2135331
    -0.0131685     0.0015305     0.2135331
    -0.0131635     0.0013767     0.2135331
    -0.0131076     0.0012163     0.2135331
    -0.0129916     0.0010698     0.2135331
    -0.0128342     0.0009393     0.2135331
    -0.0126490     0.0008177     0.2135331
    -0.0124387     0.0007052     0.2135331
    -0.0122056     0.0006008     0.2135331
    -0.0119513     0.0005036     0.2135331
    -0.0116773     0.0004113     0.2135331
    -0.0113843     0.0003228     0.2135331
    -0.0110727     0.0002382     0.2135331
    -0.0107427     0.0001570     0.2135331
    -0.0103947     0.0000786     0.2135331
    -0.0100291     0.0000025     0.2135331
    -0.0096459    -0.0000718     0.2135331
    -0.0092453    -0.0001451     0.2135331
    -0.0088275    -0.0002180     0.2135331
    -0.0083927    -0.0002912     0.2135331
    -0.0079410    -0.0003657     0.2135331
    -0.0074726    -0.0004426     0.2135331
    -0.0069877    -0.0005225     0.2135331
    -0.0064862    -0.0006060     0.2135331
    -0.0059683    -0.0006932     0.2135331
    -0.0054341    -0.0007849     0.2135331
    -0.0048837    -0.0008814     0.2135331
    -0.0043170    -0.0009834     0.2135331
    -0.0037343    -0.0010912     0.2135331
    -0.0031356    -0.0012052     0.2135331
    -0.0025210    -0.0013252     0.2135331
    -0.0018903    -0.0014509     0.2135331
    -0.0012434    -0.0015822     0.2135331
    -0.0005805    -0.0017188     0.2135331
     0.0000985    -0.0018605     0.2135331
     0.0007937    -0.0020073     0.2135331
     0.0015050    -0.0021593     0.2135331
     0.0022324    -0.0023165     0.2135331
     0.0029760    -0.0024788     0.2135331
     0.0037356    -0.0026464     0.2135331
     0.0045113    -0.0028193     0.2135331
     0.0053031    -0.0029975     0.2135331
     0.0061109    -0.0031811     0.2135331
     0.0069348    -0.0033702     0.2135331
     0.0077747    -0.0035647     0.2135331
     0.0086306    -0.0037646     0.2135331
     0.0095025    -0.0039701     0.2135331
     0.0103904    -0.0041812     0.2135331
     0.0112943    -0.0043978     0.2135331
     0.0122142    -0.0046199     0.2135331
     0.0131501    -0.0048474     0.2135331
     0.0141021    -0.0050798     0.2135331
     0.0150703    -0.0053167     0.2135331
     0.0160549    -0.0055575     0.2135331
     0.0170560    -0.0058018     0.2135331
     0.0180737    -0.0060492     0.2135331
     0.0191079    -0.0062996     0.2135331
     0.0201589    -0.0065524     0.2135331
     0.0212264    -0.0068084     0.2135331
     0.0223097    -0.0070702     0.2135331
     0.0234083    -0.0073412     0.2135331
