     0.0156242    -0.0051145     0.0323992
     0.0149053    -0.0047515     0.0323992
     0.0141969    -0.0043942     0.0323992
     0.0134992    -0.0040421     0.0323992
     0.0128123    -0.0036955     0.0323992
     0.0121361    -0.0033542     0.0323992
     0.0114706    -0.0030184     0.0323992
     0.0108158    -0.0026878     0.0323992
     0.0101718    -0.0023625     0.0323992
     0.0095385    -0.0020427     0.0323992
     0.0089158    -0.0017284     0.0323992
     0.0083037    -0.0014197     0.0323992
     0.0077023    -0.0011165     0.0323992
     0.0071114    -0.0008189     0.0323992
     0.0065313    -0.0005268     0.0323992
     0.0059619    -0.0002400     0.0323992
     0.0054033     0.0000418     0.0323992
     0.0048557     0.0003185     0.0323992
     0.0043190     0.0005903     0.0323992
     0.0037933     0.0008573     0.0323992
     0.0032780     0.0011184     0.0323992
     0.0027725     0.0013721     0.0323992
     0.0022759     0.0016169     0.0323992
     0.0017878     0.0018516     0.0323992
     0.0013075     0.0020750     0.0323992
     0.0008347     0.0022857     0.0323992
     0.0003689     0.0024825     0.0323992
    -0.0000898     0.0026651     0.0323992
    -0.0005411     0.0028335     0.0323992
    -0.0009848     0.0029876     0.0323992
    -0.0014207     0.0031273     0.0323992
    -0.0018485     0.0032526     0.0323992
    -0.0022679     0.0033633     0.0323992
    -0.0026785     0.0034593     0.0323992
    -0.0030802     0.0035405     0.0323992
    -0.0034724     0.0036065     0.0323992
    -0.0038549     0.0036571     0.0323992
    -0.0042270     0.0036921     0.0323992
    -0.0045883     0.0037115     0.0323992
    -0.0049381     0.0037153     0.0323992
    -0.0052758     0.0037037     0.0323992
    -0.0056005     0.0036770     0.0323992
    -0.0059116     0.0036358     0.0323992
    -0.0062084     0.0035807     0.0323992
    -0.0064901     0.0035125     0.0323992
    -0.0067561     0.0034321     0.0323992
    -0.0070056     0.0033401     0.0323992
    -0.0072378     0.0032376     0.0323992
    -0.0074524     0.0031258     0.0323992
    -0.0076490     0.0030066     0.0323992
    -0.0078275     0.0028816     0.0323992
    -0.0079880     0.0027526     0.0323992
    -0.0081304     0.0026210     0.0323992
    -0.0082546     0.0024879     0.0323992
    -0.0083616     0.0023558     0.0323992
    -0.0084537     0.0022275     0.0323992
    -0.0085333     0.0021051     0.0323992
    -0.0086007     0.0019893     0.0323992
    -0.0086548     0.0018799     0.0323992
    -0.0086954     0.0017776     0.0323992
    -0.0087234     0.0016828     0.0323992
    -0.0087426     0.0015793     0.0323992
    -0.0087482     0.0014626     0.0323992
    -0.0087300     0.0013358     0.0323992
    -0.0086796     0.0012056     0.0323992
    -0.0086020     0.0010758     0.0323992
    -0.0085032     0.0009466     0.0323992
    -0.0083851     0.0008186     0.0323992
    -0.0082492     0.0006921     0.0323992
    -0.0080967     0.0005672     0.0323992
    -0.0079291     0.0004430     0.0323992
    -0.0077472     0.0003190     0.0323992
    -0.0075514     0.0001955     0.0323992
    -0.0073418     0.0000724     0.0323992
    -0.0071189    -0.0000505     0.0323992
    -0.0068829    -0.0001732     0.0323992
    -0.0066340    -0.0002959     0.0323992
    -0.0063725    -0.0004188     0.0323992
    -0.0060985    -0.0005419     0.0323992
    -0.0058119    -0.0006650     0.0323992
    -0.0055129    -0.0007882     0.0323992
    -0.0052016    -0.0009115     0.0323992
    -0.0048780    -0.0010350     0.0323992
    -0.0045422    -0.0011586     0.0323992
    -0.0041943    -0.0012824     0.0323992
    -0.0038342    -0.0014062     0.0323992
    -0.0034620    -0.0015300     0.0323992
    -0.0030778    -0.0016538     0.0323992
    -0.0026815    -0.0017776     0.0323992
    -0.0022731    -0.0019013     0.0323992
    -0.0018527    -0.0020249     0.0323992
    -0.0014204    -0.0021483     0.0323992
    -0.0009761    -0.0022716     0.0323992
    -0.0005198    -0.0023945     0.0323992
    -0.0000516    -0.0025172     0.0323992
     0.0004286    -0.0026395     0.0323992
     0.0009208    -0.0027616     0.0323992
     0.0014247    -0.0028832     0.0323992
     0.0019406    -0.0030046     0.0323992
     0.0024684    -0.0031255     0.0323992
     0.0030080    -0.0032460     0.0323992
     0.0035594    -0.0033661     0.0323992
     0.0041227    -0.0034858     0.0323992
     0.0046978    -0.0036051     0.0323992
     0.0052847    -0.0037242     0.0323992
     0.0058833    -0.0038431     0.0323992
     0.0064936    -0.0039620     0.0323992
     0.0071155    -0.0040810     0.0323992
     0.0077491    -0.0042002     0.0323992
     0.0083943    -0.0043200     0.0323992
     0.0090510    -0.0044406     0.0323992
     0.0097191    -0.0045625     0.0323992
     0.0103985    -0.0046863     0.0323992
     0.0110891    -0.0048127     0.0323992
     0.0117908    -0.0049427     0.0323992
     0.0125033    -0.0050771     0.0323992
     0.0132262    -0.0052177     0.0323992
     0.0139591    -0.0053677     0.0323992
     0.0147005    -0.0055324     0.0323992
     0.0154479    -0.0057213     0.0323992
