     0.0176157    -0.0125504     0.0488659
     0.0168552    -0.0118176     0.0488659
     0.0161055    -0.0110960     0.0488659
     0.0153675    -0.0103851     0.0488659
     0.0146408    -0.0096851     0.0488659
     0.0139253    -0.0089960     0.0488659
     0.0132212    -0.0083179     0.0488659
     0.0125285    -0.0076505     0.0488659
     0.0118470    -0.0069941     0.0488659
     0.0111768    -0.0063488     0.0488659
     0.0105176    -0.0057147     0.0488659
     0.0098693    -0.0050919     0.0488659
     0.0092319    -0.0044805     0.0488659
     0.0086054    -0.0038805     0.0488659
     0.0079898    -0.0032918     0.0488659
     0.0073854    -0.0027142     0.0488659
     0.0067921    -0.0021477     0.0488659
     0.0062102    -0.0015922     0.0488659
     0.0056396    -0.0010476     0.0488659
     0.0050804    -0.0005140     0.0488659
     0.0045317     0.0000079     0.0488659
     0.0039921     0.0005164     0.0488659
     0.0034604     0.0010103     0.0488659
     0.0029354     0.0014884     0.0488659
     0.0024163     0.0019495     0.0488659
     0.0019020     0.0023923     0.0488659
     0.0013917     0.0028156     0.0488659
     0.0008855     0.0032190     0.0488659
     0.0003835     0.0036023     0.0488659
    -0.0001138     0.0039657     0.0488659
    -0.0006064     0.0043088     0.0488659
    -0.0010937     0.0046315     0.0488659
    -0.0015756     0.0049337     0.0488659
    -0.0020518     0.0052150     0.0488659
    -0.0025220     0.0054751     0.0488659
    -0.0029859     0.0057136     0.0488659
    -0.0034430     0.0059299     0.0488659
    -0.0038931     0.0061238     0.0488659
    -0.0043353     0.0062948     0.0488659
    -0.0047691     0.0064428     0.0488659
    -0.0051936     0.0065676     0.0488659
    -0.0056080     0.0066692     0.0488659
    -0.0060113     0.0067479     0.0488659
    -0.0064023     0.0068040     0.0488659
    -0.0067800     0.0068383     0.0488659
    -0.0071433     0.0068512     0.0488659
    -0.0074909     0.0068434     0.0488659
    -0.0078216     0.0068155     0.0488659
    -0.0081344     0.0067690     0.0488659
    -0.0084282     0.0067056     0.0488659
    -0.0087021     0.0066273     0.0488659
    -0.0089554     0.0065362     0.0488659
    -0.0091875     0.0064339     0.0488659
    -0.0093974     0.0063218     0.0488659
    -0.0095855     0.0062031     0.0488659
    -0.0097533     0.0060820     0.0488659
    -0.0099024     0.0059623     0.0488659
    -0.0100335     0.0058454     0.0488659
    -0.0101451     0.0057308     0.0488659
    -0.0102365     0.0056191     0.0488659
    -0.0103085     0.0055112     0.0488659
    -0.0103719     0.0053883     0.0488659
    -0.0104219     0.0052434     0.0488659
    -0.0104436     0.0050770     0.0488659
    -0.0104255     0.0048950     0.0488659
    -0.0103736     0.0047038     0.0488659
    -0.0102948     0.0045057     0.0488659
    -0.0101913     0.0043022     0.0488659
    -0.0100650     0.0040942     0.0488659
    -0.0099174     0.0038820     0.0488659
    -0.0097506     0.0036652     0.0488659
    -0.0095658     0.0034435     0.0488659
    -0.0093634     0.0032171     0.0488659
    -0.0091436     0.0029861     0.0488659
    -0.0089071     0.0027505     0.0488659
    -0.0086542     0.0025101     0.0488659
    -0.0083851     0.0022648     0.0488659
    -0.0081004     0.0020145     0.0488659
    -0.0078000     0.0017590     0.0488659
    -0.0074842     0.0014986     0.0488659
    -0.0071531     0.0012330     0.0488659
    -0.0068068     0.0009621     0.0488659
    -0.0064455     0.0006860     0.0488659
    -0.0060692     0.0004047     0.0488659
    -0.0056779     0.0001180     0.0488659
    -0.0052718    -0.0001738     0.0488659
    -0.0048509    -0.0004710     0.0488659
    -0.0044152    -0.0007733     0.0488659
    -0.0039647    -0.0010809     0.0488659
    -0.0034995    -0.0013937     0.0488659
    -0.0030196    -0.0017115     0.0488659
    -0.0025249    -0.0020342     0.0488659
    -0.0020153    -0.0023620     0.0488659
    -0.0014910    -0.0026945     0.0488659
    -0.0009518    -0.0030318     0.0488659
    -0.0003978    -0.0033737     0.0488659
     0.0001709    -0.0037205     0.0488659
     0.0007545    -0.0040718     0.0488659
     0.0013528    -0.0044279     0.0488659
     0.0019659    -0.0047885     0.0488659
     0.0025937    -0.0051537     0.0488659
     0.0032364    -0.0055235     0.0488659
     0.0038938    -0.0058977     0.0488659
     0.0045659    -0.0062767     0.0488659
     0.0052526    -0.0066603     0.0488659
     0.0059538    -0.0070487     0.0488659
     0.0066696    -0.0074421     0.0488659
     0.0073998    -0.0078405     0.0488659
     0.0081442    -0.0082440     0.0488659
     0.0089028    -0.0086531     0.0488659
     0.0096755    -0.0090679     0.0488659
     0.0104620    -0.0094888     0.0488659
     0.0112620    -0.0099164     0.0488659
     0.0120751    -0.0103516     0.0488659
     0.0129008    -0.0107951     0.0488659
     0.0137387    -0.0112479     0.0488659
     0.0145878    -0.0117118     0.0488659
     0.0154462    -0.0121902     0.0488659
     0.0163104    -0.0126889     0.0488659
     0.0171742    -0.0132179     0.0488659
