     0.0183901    -0.0161785     0.0653327
     0.0176176    -0.0152704     0.0653327
     0.0168562    -0.0143763     0.0653327
     0.0161065    -0.0134954     0.0653327
     0.0153684    -0.0126279     0.0653327
     0.0146418    -0.0117741     0.0653327
     0.0139266    -0.0109338     0.0653327
     0.0132229    -0.0101070     0.0653327
     0.0125306    -0.0092938     0.0653327
     0.0118495    -0.0084945     0.0653327
     0.0111792    -0.0077092     0.0653327
     0.0105197    -0.0069381     0.0653327
     0.0098709    -0.0061812     0.0653327
     0.0092326    -0.0054386     0.0653327
     0.0086051    -0.0047103     0.0653327
     0.0079883    -0.0039962     0.0653327
     0.0073823    -0.0032962     0.0653327
     0.0067873    -0.0026104     0.0653327
     0.0062033    -0.0019386     0.0653327
     0.0056302    -0.0012809     0.0653327
     0.0050670    -0.0006382     0.0653327
     0.0045124    -0.0000118     0.0653327
     0.0039650     0.0005974     0.0653327
     0.0034237     0.0011881     0.0653327
     0.0028873     0.0017593     0.0653327
     0.0023550     0.0023098     0.0653327
     0.0018257     0.0028387     0.0653327
     0.0012994     0.0033454     0.0653327
     0.0007765     0.0038299     0.0653327
     0.0002572     0.0042921     0.0653327
    -0.0002581     0.0047320     0.0653327
    -0.0007692     0.0051493     0.0653327
    -0.0012758     0.0055438     0.0653327
    -0.0017775     0.0059152     0.0653327
    -0.0022743     0.0062632     0.0653327
    -0.0027657     0.0065872     0.0653327
    -0.0032516     0.0068867     0.0653327
    -0.0037316     0.0071612     0.0653327
    -0.0042051     0.0074103     0.0653327
    -0.0046714     0.0076336     0.0653327
    -0.0051298     0.0078308     0.0653327
    -0.0055796     0.0080016     0.0653327
    -0.0060197     0.0081461     0.0653327
    -0.0064490     0.0082644     0.0653327
    -0.0068662     0.0083569     0.0653327
    -0.0072702     0.0084242     0.0653327
    -0.0076595     0.0084665     0.0653327
    -0.0080330     0.0084844     0.0653327
    -0.0083891     0.0084790     0.0653327
    -0.0087265     0.0084521     0.0653327
    -0.0090439     0.0084055     0.0653327
    -0.0093402     0.0083413     0.0653327
    -0.0096144     0.0082611     0.0653327
    -0.0098653     0.0081665     0.0653327
    -0.0100925     0.0080607     0.0653327
    -0.0102970     0.0079484     0.0653327
    -0.0104800     0.0078340     0.0653327
    -0.0106421     0.0077200     0.0653327
    -0.0107817     0.0076057     0.0653327
    -0.0108978     0.0074915     0.0653327
    -0.0109911     0.0073784     0.0653327
    -0.0110754     0.0072467     0.0653327
    -0.0111452     0.0070883     0.0653327
    -0.0111832     0.0069027     0.0653327
    -0.0111773     0.0066965     0.0653327
    -0.0111345     0.0064770     0.0653327
    -0.0110623     0.0062474     0.0653327
    -0.0109629     0.0060096     0.0653327
    -0.0108383     0.0057647     0.0653327
    -0.0106904     0.0055131     0.0653327
    -0.0105214     0.0052544     0.0653327
    -0.0103328     0.0049885     0.0653327
    -0.0101248     0.0047158     0.0653327
    -0.0098978     0.0044362     0.0653327
    -0.0096526     0.0041497     0.0653327
    -0.0093895     0.0038561     0.0653327
    -0.0091089     0.0035554     0.0653327
    -0.0088113     0.0032472     0.0653327
    -0.0084969     0.0029316     0.0653327
    -0.0081658     0.0026085     0.0653327
    -0.0078184     0.0022777     0.0653327
    -0.0074548     0.0019389     0.0653327
    -0.0070753     0.0015923     0.0653327
    -0.0066798     0.0012377     0.0653327
    -0.0062686     0.0008750     0.0653327
    -0.0058417     0.0005042     0.0653327
    -0.0053991     0.0001254     0.0653327
    -0.0049409    -0.0002616     0.0653327
    -0.0044673    -0.0006567     0.0653327
    -0.0039782    -0.0010599     0.0653327
    -0.0034734    -0.0014710     0.0653327
    -0.0029531    -0.0018899     0.0653327
    -0.0024171    -0.0023167     0.0653327
    -0.0018654    -0.0027509     0.0653327
    -0.0012980    -0.0031928     0.0653327
    -0.0007148    -0.0036421     0.0653327
    -0.0001158    -0.0040990     0.0653327
     0.0004988    -0.0045633     0.0653327
     0.0011292    -0.0050350     0.0653327
     0.0017753    -0.0055140     0.0653327
     0.0024372    -0.0060004     0.0653327
     0.0031148    -0.0064941     0.0653327
     0.0038082    -0.0069950     0.0653327
     0.0045172    -0.0075033     0.0653327
     0.0052418    -0.0080191     0.0653327
     0.0059820    -0.0085423     0.0653327
     0.0067376    -0.0090732     0.0653327
     0.0075085    -0.0096118     0.0653327
     0.0082948    -0.0101582     0.0653327
     0.0090962    -0.0107126     0.0653327
     0.0099125    -0.0112754     0.0653327
     0.0107437    -0.0118467     0.0653327
     0.0115893    -0.0124271     0.0653327
     0.0124490    -0.0130172     0.0653327
     0.0133222    -0.0136177     0.0653327
     0.0142085    -0.0142296     0.0653327
     0.0151066    -0.0148544     0.0653327
     0.0160143    -0.0154954     0.0653327
     0.0169274    -0.0161584     0.0653327
     0.0178384    -0.0168527     0.0653327
