     0.0270536    -0.0133743     0.1311995
     0.0258489    -0.0125677     0.1311995
     0.0246616    -0.0117738     0.1311995
     0.0234925    -0.0109915     0.1311995
     0.0223415    -0.0102209     0.1311995
     0.0212085    -0.0094624     0.1311995
     0.0200931    -0.0087162     0.1311995
     0.0189955    -0.0079824     0.1311995
     0.0179153    -0.0072614     0.1311995
     0.0168521    -0.0065538     0.1311995
     0.0158054    -0.0058602     0.1311995
     0.0147751    -0.0051811     0.1311995
     0.0137609    -0.0045169     0.1311995
     0.0127626    -0.0038678     0.1311995
     0.0117802    -0.0032338     0.1311995
     0.0108135    -0.0026155     0.1311995
     0.0098623    -0.0020130     0.1311995
     0.0089266    -0.0014267     0.1311995
     0.0080063    -0.0008565     0.1311995
     0.0071012    -0.0003029     0.1311995
     0.0062111     0.0002336     0.1311995
     0.0053357     0.0007525     0.1311995
     0.0044747     0.0012532     0.1311995
     0.0036276     0.0017350     0.1311995
     0.0027944     0.0021975     0.1311995
     0.0019748     0.0026400     0.1311995
     0.0011686     0.0030620     0.1311995
     0.0003759     0.0034634     0.1311995
    -0.0004029     0.0038442     0.1311995
    -0.0011676     0.0042049     0.1311995
    -0.0019177     0.0045457     0.1311995
    -0.0026531     0.0048667     0.1311995
    -0.0033734     0.0051681     0.1311995
    -0.0040784     0.0054499     0.1311995
    -0.0047680     0.0057114     0.1311995
    -0.0054422     0.0059524     0.1311995
    -0.0061006     0.0061723     0.1311995
    -0.0067433     0.0063706     0.1311995
    -0.0073696     0.0065469     0.1311995
    -0.0079794     0.0067009     0.1311995
    -0.0085723     0.0068315     0.1311995
    -0.0091479     0.0069376     0.1311995
    -0.0097056     0.0070189     0.1311995
    -0.0102445     0.0070750     0.1311995
    -0.0107636     0.0071060     0.1311995
    -0.0112619     0.0071122     0.1311995
    -0.0117382     0.0070940     0.1311995
    -0.0121912     0.0070512     0.1311995
    -0.0126196     0.0069848     0.1311995
    -0.0130218     0.0068958     0.1311995
    -0.0133965     0.0067860     0.1311995
    -0.0137425     0.0066574     0.1311995
    -0.0140585     0.0065125     0.1311995
    -0.0143432     0.0063530     0.1311995
    -0.0145953     0.0061814     0.1311995
    -0.0148154     0.0060024     0.1311995
    -0.0150064     0.0058222     0.1311995
    -0.0151703     0.0056456     0.1311995
    -0.0153055     0.0054726     0.1311995
    -0.0154095     0.0053042     0.1311995
    -0.0154829     0.0051410     0.1311995
    -0.0155338     0.0049563     0.1311995
    -0.0155498     0.0047448     0.1311995
    -0.0155076     0.0045165     0.1311995
    -0.0154040     0.0042856     0.1311995
    -0.0152552     0.0040552     0.1311995
    -0.0150689     0.0038263     0.1311995
    -0.0148487     0.0035996     0.1311995
    -0.0145971     0.0033755     0.1311995
    -0.0143169     0.0031530     0.1311995
    -0.0140104     0.0029304     0.1311995
    -0.0136786     0.0027077     0.1311995
    -0.0133220     0.0024848     0.1311995
    -0.0129413     0.0022612     0.1311995
    -0.0125373     0.0020364     0.1311995
    -0.0121104     0.0018100     0.1311995
    -0.0116611     0.0015814     0.1311995
    -0.0111898     0.0013498     0.1311995
    -0.0106968     0.0011150     0.1311995
    -0.0101826     0.0008760     0.1311995
    -0.0096476     0.0006320     0.1311995
    -0.0090922     0.0003822     0.1311995
    -0.0085165     0.0001262     0.1311995
    -0.0079208    -0.0001361     0.1311995
    -0.0073051    -0.0004052     0.1311995
    -0.0066696    -0.0006815     0.1311995
    -0.0060145    -0.0009652     0.1311995
    -0.0053400    -0.0012568     0.1311995
    -0.0046462    -0.0015565     0.1311995
    -0.0039330    -0.0018642     0.1311995
    -0.0032002    -0.0021794     0.1311995
    -0.0024479    -0.0025019     0.1311995
    -0.0016759    -0.0028316     0.1311995
    -0.0008841    -0.0031681     0.1311995
    -0.0000724    -0.0035112     0.1311995
     0.0007592    -0.0038610     0.1311995
     0.0016107    -0.0042173     0.1311995
     0.0024820    -0.0045802     0.1311995
     0.0033733    -0.0049496     0.1311995
     0.0042844    -0.0053254     0.1311995
     0.0052155    -0.0057076     0.1311995
     0.0061666    -0.0060961     0.1311995
     0.0071375    -0.0064909     0.1311995
     0.0081285    -0.0068920     0.1311995
     0.0091393    -0.0072995     0.1311995
     0.0101701    -0.0077133     0.1311995
     0.0112208    -0.0081335     0.1311995
     0.0122914    -0.0085601     0.1311995
     0.0133820    -0.0089929     0.1311995
     0.0144924    -0.0094320     0.1311995
     0.0156230    -0.0098772     0.1311995
     0.0167736    -0.0103284     0.1311995
     0.0179445    -0.0107853     0.1311995
     0.0191356    -0.0112478     0.1311995
     0.0203470    -0.0117161     0.1311995
     0.0215784    -0.0121905     0.1311995
     0.0228298    -0.0126717     0.1311995
     0.0240999    -0.0131623     0.1311995
     0.0253868    -0.0136680     0.1311995
     0.0266869    -0.0141969     0.1311995
