     0.0163944    -0.0036428     0.2794000
     0.0156662    -0.0033465     0.2794000
     0.0149456    -0.0030628     0.2794000
     0.0142334    -0.0027896     0.2794000
     0.0135291    -0.0025285     0.2794000
     0.0128328    -0.0022800     0.2794000
     0.0121446    -0.0020434     0.2794000
     0.0114648    -0.0018186     0.2794000
     0.0107938    -0.0016048     0.2794000
     0.0101316    -0.0014018     0.2794000
     0.0094786    -0.0012089     0.2794000
     0.0088350    -0.0010258     0.2794000
     0.0082010    -0.0008520     0.2794000
     0.0075765    -0.0006874     0.2794000
     0.0069619    -0.0005316     0.2794000
     0.0063572    -0.0003845     0.2794000
     0.0057625    -0.0002457     0.2794000
     0.0051780    -0.0001151     0.2794000
     0.0046037     0.0000074     0.2794000
     0.0040397     0.0001220     0.2794000
     0.0034860     0.0002289     0.2794000
     0.0029429     0.0003282     0.2794000
     0.0024104     0.0004204     0.2794000
     0.0018886     0.0005056     0.2794000
     0.0013775     0.0005840     0.2794000
     0.0008774     0.0006560     0.2794000
     0.0003882     0.0007216     0.2794000
    -0.0000901     0.0007811     0.2794000
    -0.0005573     0.0008347     0.2794000
    -0.0010132     0.0008828     0.2794000
    -0.0014579     0.0009260     0.2794000
    -0.0018913     0.0009645     0.2794000
    -0.0023133     0.0009988     0.2794000
    -0.0027239     0.0010291     0.2794000
    -0.0031230     0.0010556     0.2794000
    -0.0035107     0.0010783     0.2794000
    -0.0038868     0.0010969     0.2794000
    -0.0042514     0.0011117     0.2794000
    -0.0046044     0.0011224     0.2794000
    -0.0049458     0.0011290     0.2794000
    -0.0052756     0.0011317     0.2794000
    -0.0055936     0.0011300     0.2794000
    -0.0059000     0.0011235     0.2794000
    -0.0061944     0.0011118     0.2794000
    -0.0064769     0.0010950     0.2794000
    -0.0067472     0.0010729     0.2794000
    -0.0070053     0.0010455     0.2794000
    -0.0072510     0.0010129     0.2794000
    -0.0074841     0.0009750     0.2794000
    -0.0077043     0.0009318     0.2794000
    -0.0079115     0.0008833     0.2794000
    -0.0081052     0.0008297     0.2794000
    -0.0082852     0.0007708     0.2794000
    -0.0084507     0.0007065     0.2794000
    -0.0086016     0.0006374     0.2794000
    -0.0087366     0.0005628     0.2794000
    -0.0088541     0.0004823     0.2794000
    -0.0089528     0.0003965     0.2794000
    -0.0090334     0.0003088     0.2794000
    -0.0090897     0.0002176     0.2794000
    -0.0091037     0.0001216     0.2794000
    -0.0090631     0.0000247     0.2794000
    -0.0089744    -0.0000509     0.2794000
    -0.0088562    -0.0001013     0.2794000
    -0.0087231    -0.0001451     0.2794000
    -0.0085766    -0.0001838     0.2794000
    -0.0084167    -0.0002163     0.2794000
    -0.0082442    -0.0002432     0.2794000
    -0.0080596    -0.0002662     0.2794000
    -0.0078630    -0.0002868     0.2794000
    -0.0076547    -0.0003049     0.2794000
    -0.0074347    -0.0003207     0.2794000
    -0.0072030    -0.0003343     0.2794000
    -0.0069597    -0.0003459     0.2794000
    -0.0067047    -0.0003559     0.2794000
    -0.0064383    -0.0003647     0.2794000
    -0.0061602    -0.0003727     0.2794000
    -0.0058707    -0.0003805     0.2794000
    -0.0055697    -0.0003883     0.2794000
    -0.0052572    -0.0003969     0.2794000
    -0.0049332    -0.0004070     0.2794000
    -0.0045978    -0.0004187     0.2794000
    -0.0042509    -0.0004325     0.2794000
    -0.0038927    -0.0004487     0.2794000
    -0.0035230    -0.0004675     0.2794000
    -0.0031420    -0.0004895     0.2794000
    -0.0027497    -0.0005150     0.2794000
    -0.0023461    -0.0005443     0.2794000
    -0.0019313    -0.0005777     0.2794000
    -0.0015052    -0.0006151     0.2794000
    -0.0010680    -0.0006564     0.2794000
    -0.0006197    -0.0007018     0.2794000
    -0.0001601    -0.0007512     0.2794000
     0.0003105    -0.0008045     0.2794000
     0.0007923    -0.0008619     0.2794000
     0.0012851    -0.0009234     0.2794000
     0.0017890    -0.0009892     0.2794000
     0.0023039    -0.0010595     0.2794000
     0.0028298    -0.0011342     0.2794000
     0.0033666    -0.0012137     0.2794000
     0.0039144    -0.0012981     0.2794000
     0.0044729    -0.0013876     0.2794000
     0.0050423    -0.0014821     0.2794000
     0.0056225    -0.0015820     0.2794000
     0.0062134    -0.0016871     0.2794000
     0.0068150    -0.0017978     0.2794000
     0.0074273    -0.0019141     0.2794000
     0.0080501    -0.0020363     0.2794000
     0.0086835    -0.0021643     0.2794000
     0.0093274    -0.0022981     0.2794000
     0.0099820    -0.0024375     0.2794000
     0.0106471    -0.0025824     0.2794000
     0.0113228    -0.0027326     0.2794000
     0.0120092    -0.0028878     0.2794000
     0.0127063    -0.0030479     0.2794000
     0.0134140    -0.0032129     0.2794000
     0.0141325    -0.0033825     0.2794000
     0.0148618    -0.0035566     0.2794000
     0.0156015    -0.0037361     0.2794000
     0.0163513    -0.0039231     0.2794000
