     0.0250458    -0.0078434     0.1970664
     0.0239194    -0.0073120     0.1970664
     0.0228096    -0.0067888     0.1970664
     0.0217160    -0.0062747     0.1970664
     0.0206374    -0.0057724     0.1970664
     0.0195730    -0.0052833     0.1970664
     0.0185231    -0.0048072     0.1970664
     0.0174877    -0.0043440     0.1970664
     0.0164668    -0.0038937     0.1970664
     0.0154606    -0.0034563     0.1970664
     0.0144690    -0.0030317     0.1970664
     0.0134922    -0.0026197     0.1970664
     0.0125303    -0.0022203     0.1970664
     0.0115833    -0.0018335     0.1970664
     0.0106511    -0.0014593     0.1970664
     0.0097339    -0.0010977     0.1970664
     0.0088315    -0.0007491     0.1970664
     0.0079441    -0.0004135     0.1970664
     0.0070715    -0.0000909     0.1970664
     0.0062139     0.0002184     0.1970664
     0.0053712     0.0005144     0.1970664
     0.0045435     0.0007972     0.1970664
     0.0037310     0.0010669     0.1970664
     0.0029337     0.0013235     0.1970664
     0.0021518     0.0015672     0.1970664
     0.0013852     0.0017978     0.1970664
     0.0006341     0.0020154     0.1970664
    -0.0001013     0.0022201     0.1970664
    -0.0008210     0.0024122     0.1970664
    -0.0015247     0.0025923     0.1970664
    -0.0022122     0.0027609     0.1970664
    -0.0028832     0.0029184     0.1970664
    -0.0035377     0.0030652     0.1970664
    -0.0041755     0.0032014     0.1970664
    -0.0047967     0.0033269     0.1970664
    -0.0054011     0.0034412     0.1970664
    -0.0059888     0.0035441     0.1970664
    -0.0065597     0.0036353     0.1970664
    -0.0071135     0.0037145     0.1970664
    -0.0076504     0.0037813     0.1970664
    -0.0081700     0.0038352     0.1970664
    -0.0086723     0.0038747     0.1970664
    -0.0091570     0.0038991     0.1970664
    -0.0096236     0.0039080     0.1970664
    -0.0100717     0.0039011     0.1970664
    -0.0105006     0.0038783     0.1970664
    -0.0109097     0.0038399     0.1970664
    -0.0112983     0.0037855     0.1970664
    -0.0116654     0.0037152     0.1970664
    -0.0120100     0.0036292     0.1970664
    -0.0123311     0.0035284     0.1970664
    -0.0126276     0.0034135     0.1970664
    -0.0128984     0.0032857     0.1970664
    -0.0131425     0.0031468     0.1970664
    -0.0133581     0.0029974     0.1970664
    -0.0135438     0.0028394     0.1970664
    -0.0137008     0.0026776     0.1970664
    -0.0138317     0.0025172     0.1970664
    -0.0139361     0.0023602     0.1970664
    -0.0140091     0.0022066     0.1970664
    -0.0140483     0.0020576     0.1970664
    -0.0140533     0.0018922     0.1970664
    -0.0140091     0.0017145     0.1970664
    -0.0139016     0.0015451     0.1970664
    -0.0137461     0.0013905     0.1970664
    -0.0135585     0.0012449     0.1970664
    -0.0133426     0.0011080     0.1970664
    -0.0131010     0.0009792     0.1970664
    -0.0128355     0.0008577     0.1970664
    -0.0125481     0.0007414     0.1970664
    -0.0122398     0.0006289     0.1970664
    -0.0119110     0.0005202     0.1970664
    -0.0115621     0.0004150     0.1970664
    -0.0111936     0.0003125     0.1970664
    -0.0108058     0.0002122     0.1970664
    -0.0103990     0.0001135     0.1970664
    -0.0099733     0.0000157     0.1970664
    -0.0095290    -0.0000818     0.1970664
    -0.0090664    -0.0001799     0.1970664
    -0.0085856    -0.0002795     0.1970664
    -0.0080869    -0.0003817     0.1970664
    -0.0075704    -0.0004874     0.1970664
    -0.0070363    -0.0005970     0.1970664
    -0.0064846    -0.0007109     0.1970664
    -0.0059154    -0.0008296     0.1970664
    -0.0053289    -0.0009535     0.1970664
    -0.0047251    -0.0010832     0.1970664
    -0.0041042    -0.0012193     0.1970664
    -0.0034662    -0.0013620     0.1970664
    -0.0028112    -0.0015111     0.1970664
    -0.0021390    -0.0016663     0.1970664
    -0.0014496    -0.0018274     0.1970664
    -0.0007430    -0.0019942     0.1970664
    -0.0000191    -0.0021663     0.1970664
     0.0007221    -0.0023437     0.1970664
     0.0014807    -0.0025266     0.1970664
     0.0022565    -0.0027147     0.1970664
     0.0030496    -0.0029083     0.1970664
     0.0038600    -0.0031072     0.1970664
     0.0046877    -0.0033115     0.1970664
     0.0055326    -0.0035212     0.1970664
     0.0063948    -0.0037363     0.1970664
     0.0072743    -0.0039569     0.1970664
     0.0081710    -0.0041829     0.1970664
     0.0090850    -0.0044144     0.1970664
     0.0100162    -0.0046514     0.1970664
     0.0109646    -0.0048939     0.1970664
     0.0119303    -0.0051419     0.1970664
     0.0129133    -0.0053953     0.1970664
     0.0139135    -0.0056538     0.1970664
     0.0149311    -0.0059172     0.1970664
     0.0159663    -0.0061850     0.1970664
     0.0170191    -0.0064565     0.1970664
     0.0180898    -0.0067313     0.1970664
     0.0191783    -0.0070090     0.1970664
     0.0202848    -0.0072896     0.1970664
     0.0214092    -0.0075725     0.1970664
     0.0225515    -0.0078588     0.1970664
     0.0237107    -0.0081518     0.1970664
     0.0248859    -0.0084554     0.1970664
