     0.0221154    -0.0059535     0.2299999
     0.0211250    -0.0055211     0.2299999
     0.0201477    -0.0050985     0.2299999
     0.0191837    -0.0046857     0.2299999
     0.0182317    -0.0042857     0.2299999
     0.0172914    -0.0038996     0.2299999
     0.0163629    -0.0035270     0.2299999
     0.0154465    -0.0031677     0.2299999
     0.0145422    -0.0028215     0.2299999
     0.0136504    -0.0024878     0.2299999
     0.0127712    -0.0021663     0.2299999
     0.0119049    -0.0018567     0.2299999
     0.0110516    -0.0015588     0.2299999
     0.0102113    -0.0012723     0.2299999
     0.0093842    -0.0009970     0.2299999
     0.0085704    -0.0007329     0.2299999
     0.0077699    -0.0004800     0.2299999
     0.0069828    -0.0002383     0.2299999
     0.0062092    -0.0000076     0.2299999
     0.0054491     0.0002119     0.2299999
     0.0047026     0.0004203     0.2299999
     0.0039697     0.0006179     0.2299999
     0.0032507     0.0008049     0.2299999
     0.0025457     0.0009813     0.2299999
     0.0018546     0.0011474     0.2299999
     0.0011777     0.0013032     0.2299999
     0.0005150     0.0014490     0.2299999
    -0.0001334     0.0015848     0.2299999
    -0.0007674     0.0017110     0.2299999
    -0.0013867     0.0018281     0.2299999
    -0.0019913     0.0019365     0.2299999
    -0.0025809     0.0020369     0.2299999
    -0.0031555     0.0021296     0.2299999
    -0.0037150     0.0022149     0.2299999
    -0.0042594     0.0022925     0.2299999
    -0.0047886     0.0023625     0.2299999
    -0.0053026     0.0024245     0.2299999
    -0.0058014     0.0024784     0.2299999
    -0.0062848     0.0025240     0.2299999
    -0.0067528     0.0025612     0.2299999
    -0.0072053     0.0025895     0.2299999
    -0.0076422     0.0026081     0.2299999
    -0.0080633     0.0026162     0.2299999
    -0.0084684     0.0026135     0.2299999
    -0.0088571     0.0025997     0.2299999
    -0.0092290     0.0025748     0.2299999
    -0.0095839     0.0025387     0.2299999
    -0.0099211     0.0024916     0.2299999
    -0.0102400     0.0024331     0.2299999
    -0.0105401     0.0023634     0.2299999
    -0.0108206     0.0022830     0.2299999
    -0.0110807     0.0021922     0.2299999
    -0.0113196     0.0020915     0.2299999
    -0.0115366     0.0019820     0.2299999
    -0.0117302     0.0018641     0.2299999
    -0.0118989     0.0017384     0.2299999
    -0.0120424     0.0016073     0.2299999
    -0.0121622     0.0014747     0.2299999
    -0.0122581     0.0013433     0.2299999
    -0.0123244     0.0012121     0.2299999
    -0.0123518     0.0010813     0.2299999
    -0.0123340     0.0009398     0.2299999
    -0.0122635     0.0008008     0.2299999
    -0.0121406     0.0006805     0.2299999
    -0.0119838     0.0005741     0.2299999
    -0.0118029     0.0004758     0.2299999
    -0.0116000     0.0003861     0.2299999
    -0.0113767     0.0003041     0.2299999
    -0.0111345     0.0002286     0.2299999
    -0.0108745     0.0001574     0.2299999
    -0.0105971     0.0000898     0.2299999
    -0.0103028     0.0000258     0.2299999
    -0.0099916    -0.0000350     0.2299999
    -0.0096638    -0.0000931     0.2299999
    -0.0093197    -0.0001490     0.2299999
    -0.0089594    -0.0002032     0.2299999
    -0.0085830    -0.0002564     0.2299999
    -0.0081905    -0.0003091     0.2299999
    -0.0077823    -0.0003620     0.2299999
    -0.0073583    -0.0004161     0.2299999
    -0.0069186    -0.0004722     0.2299999
    -0.0064635    -0.0005311     0.2299999
    -0.0059929    -0.0005931     0.2299999
    -0.0055068    -0.0006585     0.2299999
    -0.0050054    -0.0007279     0.2299999
    -0.0044888    -0.0008017     0.2299999
    -0.0039569    -0.0008804     0.2299999
    -0.0034099    -0.0009646     0.2299999
    -0.0028479    -0.0010545     0.2299999
    -0.0022708    -0.0011499     0.2299999
    -0.0016787    -0.0012505     0.2299999
    -0.0010715    -0.0013564     0.2299999
    -0.0004492    -0.0014674     0.2299999
     0.0001882    -0.0015833     0.2299999
     0.0008407    -0.0017041     0.2299999
     0.0015084    -0.0018299     0.2299999
     0.0021910    -0.0019607     0.2299999
     0.0028887    -0.0020966     0.2299999
     0.0036014    -0.0022377     0.2299999
     0.0043291    -0.0023841     0.2299999
     0.0050718    -0.0025358     0.2299999
     0.0058294    -0.0026930     0.2299999
     0.0066019    -0.0028558     0.2299999
     0.0073893    -0.0030240     0.2299999
     0.0081915    -0.0031979     0.2299999
     0.0090086    -0.0033775     0.2299999
     0.0098405    -0.0035629     0.2299999
     0.0106872    -0.0037541     0.2299999
     0.0115487    -0.0039511     0.2299999
     0.0124250    -0.0041537     0.2299999
     0.0133161    -0.0043617     0.2299999
     0.0142222    -0.0045747     0.2299999
     0.0151433    -0.0047922     0.2299999
     0.0160796    -0.0050137     0.2299999
     0.0170311    -0.0052391     0.2299999
     0.0179978    -0.0054682     0.2299999
     0.0189798    -0.0057004     0.2299999
     0.0199770    -0.0059364     0.2299999
     0.0209889    -0.0061782     0.2299999
     0.0220149    -0.0064290     0.2299999
