     0.0275158    -0.0119496     0.1476663
     0.0262817    -0.0112145     0.1476663
     0.0250654    -0.0104912     0.1476663
     0.0238679    -0.0097783     0.1476663
     0.0226889    -0.0090761     0.1476663
     0.0215282    -0.0083848     0.1476663
     0.0203857    -0.0077049     0.1476663
     0.0192612    -0.0070364     0.1476663
     0.0181546    -0.0063797     0.1476663
     0.0170654    -0.0057357     0.1476663
     0.0159931    -0.0051051     0.1476663
     0.0149374    -0.0044883     0.1476663
     0.0138982    -0.0038858     0.1476663
     0.0128753    -0.0032979     0.1476663
     0.0118686    -0.0027247     0.1476663
     0.0108778    -0.0021668     0.1476663
     0.0099029    -0.0016246     0.1476663
     0.0089436    -0.0010982     0.1476663
     0.0079998    -0.0005881     0.1476663
     0.0070715    -0.0000944     0.1476663
     0.0061586     0.0003825     0.1476663
     0.0052609     0.0008423     0.1476663
     0.0043784     0.0012847     0.1476663
     0.0035110     0.0017094     0.1476663
     0.0026586     0.0021162     0.1476663
     0.0018213     0.0025046     0.1476663
     0.0009988     0.0028745     0.1476663
     0.0001915     0.0032257     0.1476663
    -0.0006005     0.0035585     0.1476663
    -0.0013768     0.0038733     0.1476663
    -0.0021371     0.0041704     0.1476663
    -0.0028813     0.0044502     0.1476663
    -0.0036089     0.0047127     0.1476663
    -0.0043200     0.0049580     0.1476663
    -0.0050145     0.0051856     0.1476663
    -0.0056922     0.0053950     0.1476663
    -0.0063532     0.0055859     0.1476663
    -0.0069972     0.0057577     0.1476663
    -0.0076240     0.0059101     0.1476663
    -0.0082334     0.0060425     0.1476663
    -0.0088251     0.0061538     0.1476663
    -0.0093989     0.0062427     0.1476663
    -0.0099542     0.0063086     0.1476663
    -0.0104903     0.0063510     0.1476663
    -0.0110062     0.0063698     0.1476663
    -0.0115010     0.0063653     0.1476663
    -0.0119737     0.0063377     0.1476663
    -0.0124228     0.0062868     0.1476663
    -0.0128471     0.0062130     0.1476663
    -0.0132451     0.0061175     0.1476663
    -0.0136153     0.0060016     0.1476663
    -0.0139565     0.0058674     0.1476663
    -0.0142674     0.0057172     0.1476663
    -0.0145467     0.0055529     0.1476663
    -0.0147928     0.0053767     0.1476663
    -0.0150061     0.0051929     0.1476663
    -0.0151894     0.0050081     0.1476663
    -0.0153455     0.0048273     0.1476663
    -0.0154727     0.0046508     0.1476663
    -0.0155684     0.0044795     0.1476663
    -0.0156328     0.0043142     0.1476663
    -0.0156726     0.0041282     0.1476663
    -0.0156740     0.0039175     0.1476663
    -0.0156140     0.0036944     0.1476663
    -0.0154923     0.0034738     0.1476663
    -0.0153266     0.0032571     0.1476663
    -0.0151241     0.0030446     0.1476663
    -0.0148882     0.0028368     0.1476663
    -0.0146216     0.0026338     0.1476663
    -0.0143270     0.0024342     0.1476663
    -0.0140066     0.0022363     0.1476663
    -0.0136611     0.0020401     0.1476663
    -0.0132912     0.0018453     0.1476663
    -0.0128975     0.0016514     0.1476663
    -0.0124808     0.0014576     0.1476663
    -0.0120414     0.0012637     0.1476663
    -0.0115798     0.0010688     0.1476663
    -0.0110964     0.0008722     0.1476663
    -0.0105915     0.0006734     0.1476663
    -0.0100657     0.0004715     0.1476663
    -0.0095191     0.0002653     0.1476663
    -0.0089524     0.0000539     0.1476663
    -0.0083655    -0.0001630     0.1476663
    -0.0077586    -0.0003858     0.1476663
    -0.0071320    -0.0006150     0.1476663
    -0.0064857    -0.0008509     0.1476663
    -0.0058199    -0.0010940     0.1476663
    -0.0051349    -0.0013448     0.1476663
    -0.0044306    -0.0016035     0.1476663
    -0.0037070    -0.0018700     0.1476663
    -0.0029641    -0.0021439     0.1476663
    -0.0022017    -0.0024248     0.1476663
    -0.0014196    -0.0027126     0.1476663
    -0.0006179    -0.0030069     0.1476663
     0.0002036    -0.0033074     0.1476663
     0.0010449    -0.0036143     0.1476663
     0.0019060    -0.0039275     0.1476663
     0.0027868    -0.0042468     0.1476663
     0.0036875    -0.0045723     0.1476663
     0.0046080    -0.0049039     0.1476663
     0.0055484    -0.0052416     0.1476663
     0.0065087    -0.0055852     0.1476663
     0.0074888    -0.0059348     0.1476663
     0.0084888    -0.0062903     0.1476663
     0.0095087    -0.0066518     0.1476663
     0.0105485    -0.0070192     0.1476663
     0.0116081    -0.0073925     0.1476663
     0.0126877    -0.0077717     0.1476663
     0.0137873    -0.0081566     0.1476663
     0.0149068    -0.0085472     0.1476663
     0.0160464    -0.0089430     0.1476663
     0.0172062    -0.0093440     0.1476663
     0.0183864    -0.0097495     0.1476663
     0.0195870    -0.0101592     0.1476663
     0.0208082    -0.0105731     0.1476663
     0.0220498    -0.0109914     0.1476663
     0.0233119    -0.0114141     0.1476663
     0.0245936    -0.0118435     0.1476663
     0.0258932    -0.0122847     0.1476663
     0.0272084    -0.0127445     0.1476663
