
 ===========================================================================
 Free Tip Potential Formulation Solution:  Arbitrary blade                 
                                                  Wake adv. ratio:    0.11653
 no. blades :  2            radius(m)  :   0.2540     adv. ratio:     0.01880
 thrust(N)  :   11.3        power(W)   :   79.8       torque(N-m):  0.381    
 Efficiency :  0.1417       speed(m/s) :    1.000     rpm        :   2000.000
 Eff induced:  0.1613       Eff ideal  :   0.1889     Tcoef      :    90.9325
 Tnacel(N)  :    -0.0000    hub rad.(m):   0.0324     disp. rad. :    0.0324
 Tvisc(N)   :    -0.0501    Pvisc(W)   :   9.40    
 rho(kg/m3) :   1.22600     Vsound(m/s):  340.000     mu(kg/m-s) : 0.1780E-04
 ---------------------------------------------------------------------------
Helicopter:  Sigma:    0.11079  CTh/s:    0.14501  FOM:    0.67545
                Ct:    0.12454     Cp:    0.05192    J:    0.05906
                Tc:   90.93248     Pc:  641.89545  adv:    0.01880

  i  r/R   c/R  beta(deg)  CL     Cd    REx10^3 Mach   effi  effp  na.u/U
  1 0.133 0.1015  25.40  1.518 s 0.1128  13.79  0.023  5.805 0.247   0.000
  2 0.151 0.1098  31.48  1.520 s 0.1272  15.70  0.024  1.150 0.559   0.000
  3 0.183 0.1181  37.60  1.527 s 0.1893  19.78  0.028  0.714 0.528   0.000
  4 0.222 0.1294  41.91  1.532 s 0.2423  25.96  0.034  0.498 0.505   0.000
  5 0.265 0.1417  42.39  1.531 s 0.2181  33.74  0.040  0.362 0.563   0.000
  6 0.309 0.1506  39.05  1.524 s 0.1406  41.99  0.047  0.290 0.681   0.000
  7 0.355 0.1565  34.84  1.515 s 0.0760  50.20  0.054  0.243 0.804   0.000
  8 0.400 0.1590  31.22  1.508 s 0.0423  57.78  0.061  0.209 0.883   0.000
  9 0.446 0.1584  28.23  1.493   0.0293  64.27  0.068  0.189 0.915   0.000
 10 0.490 0.1540  25.80  1.468   0.0264  69.00  0.075  0.192 0.914   0.000
 11 0.534 0.1589  23.79  1.372   0.0235  77.69  0.082  0.181 0.916   0.000
 12 0.576 0.1652  22.09  1.264   0.0214  87.36  0.089  0.176 0.914   0.000
 13 0.617 0.1684  20.62  1.181   0.0200  95.55  0.095  0.175 0.909   0.000
 14 0.656 0.1714  19.39  1.106   0.0188 103.64  0.102  0.174 0.904   0.000
 15 0.694 0.1729  18.45  1.048   0.0180 110.68  0.108  0.172 0.899   0.000
 16 0.730 0.1736  17.70  0.999   0.0173 116.99  0.113  0.169 0.895   0.000
 17 0.765 0.1745  17.10  0.954   0.0168 123.22  0.119  0.165 0.892   0.000
 18 0.797 0.1759  16.61  0.908   0.0163 129.51  0.124  0.160 0.889   0.000
 19 0.827 0.1771  16.17  0.863   0.0158 135.40  0.129  0.155 0.887   0.000
 20 0.855 0.1782  15.80  0.817   0.0154 140.95  0.133  0.149 0.884   0.000
 21 0.881 0.1794  15.54  0.769   0.0151 146.20  0.137  0.141 0.883   0.000
 22 0.904 0.1801  15.32  0.719   0.0148 150.69  0.141  0.134 0.880   0.000
 23 0.925 0.1799  15.10  0.665   0.0146 154.09  0.144  0.127 0.877   0.000
 24 0.943 0.1793  14.88  0.606   0.0144 156.70  0.147  0.120 0.871   0.000
 25 0.959 0.1787  14.71  0.539   0.0143 158.90  0.150  0.113 0.864   0.000
 26 0.972 0.1783  14.57  0.464   0.0142 160.87  0.152  0.105 0.852   0.000
 27 0.983 0.1780  14.46  0.380   0.0142 162.58  0.154  0.098 0.833   0.000
 28 0.991 0.1779  14.38  0.288   0.0143 164.02  0.155  0.091 0.800   0.000
 29 0.997 0.1779  14.32  0.194   0.0144 165.15  0.156  0.085 0.737   0.000
 30 0.999 0.1780  14.27  0.114   0.0147 165.86  0.157  0.080 0.627   0.000
