
 ===========================================================================
 Free Tip Potential Formulation Solution:  Arbitrary blade                 
                                                  Wake adv. ratio:    0.11097
 no. blades :  2            radius(m)  :   0.2540     adv. ratio:     0.01880
 thrust(N)  :   10.5        power(W)   :   70.6       torque(N-m):  0.337    
 Efficiency :  0.1481       speed(m/s) :    1.000     rpm        :   2000.000
 Eff induced:  0.1694       Eff ideal  :   0.1956     Tcoef      :    84.1253
 Tnacel(N)  :    -0.0000    hub rad.(m):   0.0324     disp. rad. :    0.0324
 Tvisc(N)   :    -0.0458    Pvisc(W)   :   8.60    
 rho(kg/m3) :   1.22600     Vsound(m/s):  340.000     mu(kg/m-s) : 0.1780E-04
 ---------------------------------------------------------------------------
Helicopter:  Sigma:    0.09451  CTh/s:    0.15726  FOM:    0.67919
                Ct:    0.11521     Cp:    0.04594    J:    0.05906
                Tc:   84.12530     Pc:  568.03674  adv:    0.01880

  i  r/R   c/R  beta(deg)  CL     Cd    REx10^3 Mach   effi  effp  na.u/U
  1 0.133 0.1015  25.40  1.518 s 0.1108  13.70  0.023  5.158 0.273   0.000
  2 0.151 0.1098  31.48  1.520 s 0.1221  15.63  0.024  1.082 0.583   0.000
  3 0.183 0.1181  37.60  1.527 s 0.1813  19.74  0.028  0.678 0.551   0.000
  4 0.222 0.1294  41.91  1.532 s 0.2321  25.95  0.034  0.474 0.527   0.000
  5 0.265 0.1417  42.39  1.530 s 0.2077  33.76  0.040  0.346 0.585   0.000
  6 0.309 0.1506  39.05  1.523 s 0.1322  42.03  0.047  0.277 0.703   0.000
  7 0.355 0.1565  34.84  1.514 s 0.0699  50.28  0.054  0.231 0.824   0.000
  8 0.400 0.1590  31.22  1.506 s 0.0381  57.87  0.061  0.197 0.899   0.000
  9 0.446 0.1582  28.23  1.481   0.0279  64.33  0.068  0.179 0.922   0.000
 10 0.490 0.1551  25.80  1.430   0.0253  69.60  0.075  0.178 0.921   0.000
 11 0.534 0.1494  23.79  1.385   0.0242  73.16  0.082  0.184 0.913   0.000
 12 0.576 0.1484  22.09  1.308   0.0227  78.63  0.089  0.184 0.908   0.000
 13 0.617 0.1509  20.62  1.215   0.0211  85.74  0.096  0.182 0.904   0.000
 14 0.656 0.1512  19.39  1.146   0.0201  91.52  0.102  0.182 0.898   0.000
 15 0.694 0.1505  18.45  1.093   0.0193  96.45  0.108  0.181 0.892   0.000
 16 0.730 0.1491  17.70  1.050   0.0187 100.63  0.113  0.179 0.887   0.000
 17 0.765 0.1481  17.10  1.010   0.0182 104.66  0.119  0.176 0.884   0.000
 18 0.797 0.1476  16.61  0.969   0.0177 108.77  0.124  0.171 0.881   0.000
 19 0.827 0.1471  16.17  0.929   0.0173 112.53  0.129  0.167 0.878   0.000
 20 0.855 0.1466  15.80  0.887   0.0169 116.01  0.133  0.161 0.875   0.000
 21 0.881 0.1463  15.54  0.843   0.0166 119.28  0.137  0.153 0.874   0.000
 22 0.904 0.1456  15.32  0.796   0.0163 121.90  0.141  0.146 0.872   0.000
 23 0.925 0.1442  15.10  0.744   0.0161 123.57  0.144  0.138 0.869   0.000
 24 0.943 0.1425  14.88  0.686   0.0159 124.61  0.147  0.130 0.865   0.000
 25 0.959 0.1410  14.71  0.617   0.0157 125.47  0.150  0.122 0.860   0.000
 26 0.972 0.1399  14.57  0.537   0.0156 126.32  0.152  0.113 0.851   0.000
 27 0.983 0.1392  14.46  0.444   0.0156 127.14  0.154  0.104 0.835   0.000
 28 0.991 0.1387  14.38  0.340   0.0157 127.87  0.155  0.095 0.805   0.000
 29 0.997 0.1383  14.32  0.230   0.0159 128.46  0.156  0.087 0.747   0.000
 30 0.999 0.1381  14.27  0.136   0.0161 128.80  0.157  0.081 0.643   0.000
