
 ===========================================================================
 Free Tip Potential Formulation Solution:  Arbitrary blade                 
                                                  Wake adv. ratio:    0.09762
 no. blades :  2            radius(m)  :   0.2540     adv. ratio:     0.01880
 thrust(N)  :   8.36        power(W)   :   50.3       torque(N-m):  0.240    
 Efficiency :  0.1663       speed(m/s) :    1.000     rpm        :   2000.000
 Eff induced:  0.1926       Eff ideal  :   0.2159     Tcoef      :    67.2620
 Tnacel(N)  :     0.0000    hub rad.(m):   0.0324     disp. rad. :    0.0324
 Tvisc(N)   :    -0.0368    Pvisc(W)   :   6.67    
 rho(kg/m3) :   1.22600     Vsound(m/s):  340.000     mu(kg/m-s) : 0.1780E-04
 ---------------------------------------------------------------------------
Helicopter:  Sigma:    0.06618  CTh/s:    0.17956  FOM:    0.68181
                Ct:    0.09212     Cp:    0.03272    J:    0.05906
                Tc:   67.26202     Pc:  404.54526  adv:    0.01880

  i  r/R   c/R  beta(deg)  CL     Cd    REx10^3 Mach   effi  effp  na.u/U
  1 0.133 0.1015  25.40  1.517 s 0.1044  13.47  0.022  3.771 0.352   0.000
  2 0.151 0.1098  31.48  1.518 s 0.1079  15.47  0.024  0.921 0.649   0.000
  3 0.183 0.1181  37.60  1.524 s 0.1595  19.65  0.028  0.590 0.614   0.000
  4 0.222 0.1294  41.91  1.529 s 0.2050  25.94  0.034  0.418 0.586   0.000
  5 0.265 0.1417  42.39  1.527 s 0.1807  33.85  0.040  0.308 0.643   0.000
  6 0.309 0.1506  39.05  1.520 s 0.1111  42.21  0.047  0.247 0.757   0.000
  7 0.355 0.1565  34.84  1.512 s 0.0558  50.54  0.054  0.205 0.867   0.000
  8 0.400 0.1590  31.22  1.497   0.0312  58.24  0.062  0.172 0.924   0.000
  9 0.446 0.1582  28.23  1.441   0.0263  64.72  0.069  0.164 0.929   0.000
 10 0.490 0.1549  25.80  1.370   0.0245  69.86  0.076  0.165 0.925   0.000
 11 0.534 0.1503  23.79  1.299   0.0232  73.90  0.083  0.168 0.918   0.000
 12 0.576 0.1436  22.09  1.241   0.0223  76.30  0.089  0.172 0.910   0.000
 13 0.617 0.1357  20.62  1.195   0.0218  77.33  0.096  0.178 0.901   0.000
 14 0.656 0.1275  19.39  1.157   0.0215  77.40  0.102  0.184 0.891   0.000
 15 0.694 0.1184  18.45  1.136   0.0215  76.05  0.108  0.190 0.880   0.000
 16 0.730 0.1090  17.70  1.127   0.0217  73.68  0.114  0.196 0.870   0.000
 17 0.765 0.1003  17.10  1.120   0.0220  71.04  0.119  0.202 0.859   0.000
 18 0.797 0.0927  16.61  1.112   0.0223  68.42  0.124  0.206 0.849   0.000
 19 0.827 0.0854  16.17  1.106   0.0226  65.49  0.129  0.211 0.838   0.000
 20 0.855 0.0788  15.80  1.099   0.0230  62.43  0.133  0.215 0.828   0.000
 21 0.881 0.0728  15.54  1.089   0.0234  59.41  0.137  0.215 0.821   0.000
 22 0.904 0.0669  15.32  1.079   0.0239  56.05  0.141  0.214 0.813   0.000
 23 0.925 0.0608  15.10  1.070   0.0245  52.12  0.144  0.214 0.804   0.000
 24 0.943 0.0550  14.88  1.054   0.0252  48.12  0.147  0.212 0.795   0.000
 25 0.959 0.0502  14.71  1.019   0.0256  44.64  0.150  0.203 0.791   0.000
 26 0.972 0.0464  14.57  0.954   0.0258  41.91  0.152  0.185 0.792   0.000
 27 0.983 0.0436  14.46  0.852   0.0257  39.81  0.153  0.161 0.795   0.000
 28 0.991 0.0415  14.38  0.705   0.0255  38.22  0.155  0.134 0.792   0.000
 29 0.997 0.0399  14.32  0.513   0.0255  37.01  0.156  0.110 0.768   0.000
 30 0.999 0.0386  14.27  0.318   0.0261  35.98  0.157  0.093 0.699   0.000
