
 ===========================================================================
 Free Tip Potential Formulation Solution:  Arbitrary blade                 
                                                  Wake adv. ratio:    0.11131
 no. blades :  2            radius(m)  :   0.2159     adv. ratio:     0.03686
 thrust(N)  :   1.62        power(W)   :   5.86       torque(N-m):  0.466E-01
 Efficiency :  0.2771       speed(m/s) :    1.000     rpm        :   1200.000
 Eff induced:  0.3311       Eff ideal  :   0.3725     Tcoef      :    18.0843
 Tnacel(N)  :    -0.0000    hub rad.(m):   0.0324     disp. rad. :    0.0324
 Tvisc(N)   :    -0.0099    Pvisc(W)   :  0.926    
 rho(kg/m3) :   1.22600     Vsound(m/s):  340.000     mu(kg/m-s) : 0.1780E-04
 ---------------------------------------------------------------------------
Helicopter:  Sigma:    0.07066  CTh/s:    0.17385  FOM:    0.58921
                Ct:    0.09522     Cp:    0.03979    J:    0.11579
                Tc:   18.08430     Pc:   65.26210  adv:    0.03686

  i  r/R   c/R  beta(deg)  CL     Cd    REx10^3 Mach   effi  effp  na.u/U
  1 0.154 0.1114  33.22  1.520 s 0.1440   7.46  0.013  1.724 0.586   0.000
  2 0.170 0.1153  36.53  1.520 s 0.1366   8.15  0.014  1.055 0.682   0.000
  3 0.199 0.1224  39.81  1.522 s 0.1521   9.83  0.016  0.775 0.688   0.000
  4 0.235 0.1335  42.50  1.524 s 0.1667  12.50  0.019  0.590 0.688   0.000
  5 0.276 0.1441  41.82  1.522 s 0.1387  15.76  0.022  0.476 0.736   0.000
  6 0.318 0.1520  38.20  1.515 s 0.0860  19.21  0.025  0.402 0.822   0.000
  7 0.363 0.1571  34.17  1.505 s 0.0494  22.66  0.029  0.339 0.893   0.000
  8 0.407 0.1591  30.75  1.463   0.0385  25.82  0.032  0.308 0.911   0.000
  9 0.451 0.1579  27.89  1.388   0.0353  28.48  0.036  0.307 0.907   0.000
 10 0.495 0.1545  25.56  1.312   0.0331  30.60  0.039  0.311 0.899   0.000
 11 0.538 0.1497  23.61  1.242   0.0315  32.26  0.043  0.316 0.890   0.000
 12 0.580 0.1428  21.95  1.188   0.0305  33.20  0.046  0.325 0.880   0.000
 13 0.620 0.1352  20.51  1.144   0.0299  33.64  0.049  0.335 0.868   0.000
 14 0.659 0.1267  19.32  1.115   0.0296  33.55  0.052  0.348 0.855   0.000
 15 0.697 0.1176  18.40  1.103   0.0297  32.92  0.055  0.361 0.841   0.000
 16 0.732 0.1125  17.66  1.074   0.0294  33.13  0.058  0.364 0.832   0.000
 17 0.766 0.1097  17.08  1.038   0.0288  33.81  0.061  0.360 0.825   0.000
 18 0.798 0.1072  16.59  1.006   0.0284  34.41  0.064  0.354 0.819   0.000
 19 0.828 0.1047  16.15  0.975   0.0280  34.89  0.066  0.349 0.813   0.000
 20 0.856 0.1026  15.79  0.943   0.0276  35.33  0.068  0.341 0.809   0.000
 21 0.881 0.1007  15.53  0.908   0.0272  35.72  0.070  0.328 0.806   0.000
 22 0.905 0.0985  15.31  0.871   0.0269  35.87  0.072  0.314 0.804   0.000
 23 0.925 0.0958  15.09  0.830   0.0268  35.68  0.074  0.301 0.801   0.000
 24 0.944 0.0930  14.88  0.782   0.0266  35.33  0.075  0.286 0.796   0.000
 25 0.959 0.0906  14.70  0.719   0.0265  35.01  0.076  0.268 0.791   0.000
 26 0.973 0.0888  14.57  0.639   0.0263  34.80  0.078  0.246 0.784   0.000
 27 0.983 0.0875  14.46  0.541   0.0262  34.68  0.078  0.223 0.770   0.000
 28 0.991 0.0865  14.38  0.423   0.0263  34.62  0.079  0.200 0.741   0.000
 29 0.997 0.0858  14.32  0.292   0.0266  34.59  0.080  0.179 0.681   0.000
 30 0.999 0.0853  14.27  0.175   0.0271  34.53  0.080  0.164 0.571   0.000
