
 ===========================================================================
 Free Tip Potential Formulation Solution:  Arbitrary blade                 
                                                  Wake adv. ratio:    0.10668
 no. blades :  2            radius(m)  :   0.2159     adv. ratio:     0.03686
 thrust(N)  :   1.49        power(W)   :   5.16       torque(N-m):  0.410E-01
 Efficiency :  0.2882       speed(m/s) :    1.000     rpm        :   1200.000
 Eff induced:  0.3455       Eff ideal  :   0.3853     Tcoef      :    16.5584
 Tnacel(N)  :     0.0000    hub rad.(m):   0.0324     disp. rad. :    0.0324
 Tvisc(N)   :    -0.0090    Pvisc(W)   :  0.828    
 rho(kg/m3) :   1.22600     Vsound(m/s):  340.000     mu(kg/m-s) : 0.1780E-04
 ---------------------------------------------------------------------------
Helicopter:  Sigma:    0.06618  CTh/s:    0.16995  FOM:    0.58648
                Ct:    0.08719     Cp:    0.03502    J:    0.11579
                Tc:   16.55835     Pc:   57.44526  adv:    0.03686

  i  r/R   c/R  beta(deg)  CL     Cd    REx10^3 Mach   effi  effp  na.u/U
  1 0.154 0.1114  33.22  1.520 s 0.1408   7.43  0.013  1.672 0.599   0.000
  2 0.170 0.1153  36.53  1.519 s 0.1316   8.13  0.014  1.020 0.697   0.000
  3 0.199 0.1224  39.81  1.521 s 0.1459   9.82  0.016  0.751 0.703   0.000
  4 0.235 0.1335  42.50  1.524 s 0.1595  12.50  0.019  0.573 0.703   0.000
  5 0.276 0.1441  41.82  1.521 s 0.1322  15.78  0.022  0.462 0.750   0.000
  6 0.318 0.1520  38.20  1.514 s 0.0812  19.25  0.025  0.390 0.833   0.000
  7 0.363 0.1571  34.17  1.503 s 0.0469  22.71  0.029  0.327 0.900   0.000
  8 0.407 0.1591  30.75  1.451   0.0381  25.88  0.032  0.302 0.912   0.000
  9 0.451 0.1579  27.89  1.371   0.0350  28.53  0.036  0.302 0.907   0.000
 10 0.495 0.1545  25.56  1.292   0.0329  30.65  0.039  0.306 0.900   0.000
 11 0.538 0.1497  23.61  1.221   0.0313  32.30  0.043  0.311 0.891   0.000
 12 0.580 0.1429  21.95  1.166   0.0303  33.25  0.046  0.319 0.880   0.000
 13 0.620 0.1351  20.51  1.121   0.0297  33.65  0.049  0.328 0.868   0.000
 14 0.659 0.1269  19.32  1.085   0.0293  33.62  0.052  0.337 0.856   0.000
 15 0.697 0.1178  18.40  1.065   0.0294  32.99  0.055  0.346 0.844   0.000
 16 0.732 0.1085  17.66  1.055   0.0296  31.95  0.058  0.356 0.831   0.000
 17 0.766 0.0999  17.08  1.047   0.0300  30.80  0.061  0.364 0.819   0.000
 18 0.798 0.0923  16.59  1.039   0.0304  29.66  0.064  0.369 0.807   0.000
 19 0.828 0.0852  16.15  1.032   0.0309  28.38  0.066  0.376 0.795   0.000
 20 0.856 0.0785  15.79  1.024   0.0314  27.06  0.068  0.380 0.784   0.000
 21 0.881 0.0726  15.53  1.014   0.0319  25.75  0.070  0.379 0.775   0.000
 22 0.905 0.0667  15.31  1.003   0.0326  24.28  0.072  0.377 0.767   0.000
 23 0.925 0.0606  15.09  0.994   0.0334  22.58  0.074  0.376 0.756   0.000
 24 0.944 0.0549  14.88  0.978   0.0344  20.85  0.075  0.373 0.746   0.000
 25 0.959 0.0501  14.70  0.944   0.0351  19.35  0.076  0.359 0.739   0.000
 26 0.973 0.0464  14.57  0.883   0.0355  18.18  0.077  0.331 0.737   0.000
 27 0.983 0.0436  14.46  0.788   0.0355  17.27  0.078  0.293 0.735   0.000
 28 0.991 0.0415  14.38  0.653   0.0354  16.58  0.079  0.250 0.726   0.000
 29 0.997 0.0399  14.32  0.476   0.0357  16.05  0.080  0.210 0.692   0.000
 30 0.999 0.0386  14.27  0.298   0.0365  15.61  0.080  0.180 0.610   0.000
